ts_code,trade_date,open,high,low,close,pre_close,change,pct_chg,vol,amount
002810.SZ,20240102,21.15,21.27,20.83,21.06,21.19,-0.13,-0.6135,34602.3,72937.35
002810.SZ,20240103,20.95,21.1,20.43,20.64,21.06,-0.42,-1.9943,43625.53,90349.181
002810.SZ,20240104,20.59,20.79,20.13,20.72,20.64,0.08,0.3876,44565.26,91187.992
002810.SZ,20240105,20.69,20.85,20.16,20.31,20.72,-0.41,-1.9788,27570.59,56317.552
002810.SZ,20240108,20.18,20.63,20.01,20.36,20.31,0.05,0.2462,28988.0,59247.131
002810.SZ,20240109,20.34,20.77,20.23,20.5,20.36,0.14,0.6876,29641.57,60895.505
002810.SZ,20240110,20.33,20.56,20.05,20.14,20.5,-0.36,-1.7561,23626.92,47814.254
002810.SZ,20240111,20.21,20.3,19.72,20.08,20.14,-0.06,-0.2979,26036.13,52015.774
002810.SZ,20240112,20.1,20.75,20.06,20.14,20.08,0.06,0.2988,30371.32,61998.016
002810.SZ,20240115,20.14,20.14,19.75,20.03,20.14,-0.11,-0.5462,19453.0,38802.765
002810.SZ,20240116,20.03,20.15,19.71,19.96,20.03,-0.07,-0.3495,19510.8,38810.091
002810.SZ,20240117,19.82,19.87,18.84,18.84,19.96,-1.12,-5.6112,55167.58,106453.904
002810.SZ,20240118,18.87,18.92,17.68,18.27,18.84,-0.57,-3.0255,69446.3,125829.107
002810.SZ,20240119,18.26,18.84,18.1,18.4,18.27,0.13,0.7115,44504.63,82481.905
002810.SZ,20240122,18.38,18.4,16.8,16.97,18.4,-1.43,-7.7717,48527.58,84752.317
002810.SZ,20240123,16.88,17.79,16.61,17.65,16.97,0.68,4.0071,50952.05,87909.063
002810.SZ,20240124,17.65,17.82,16.53,17.13,17.65,-0.52,-2.9462,48355.92,82353.32
002810.SZ,20240125,17.05,17.77,16.81,17.5,17.13,0.37,2.16,54829.39,94821.072
002810.SZ,20240126,17.48,17.65,17.1,17.19,17.5,-0.31,-1.7714,33579.78,58186.426
002810.SZ,20240129,17.19,17.32,16.43,16.5,17.19,-0.69,-4.014,37334.0,62272.524
002810.SZ,20240130,16.36,16.46,15.77,15.79,16.5,-0.71,-4.303,36167.89,58122.52
002810.SZ,20240131,15.89,15.89,14.84,14.87,15.79,-0.92,-5.8265,47096.3,71555.051
002810.SZ,20240201,14.82,15.33,14.08,14.8,14.87,-0.07,-0.4707,49493.42,72812.393
002810.SZ,20240202,14.73,15.21,13.8,14.29,14.8,-0.51,-3.4459,41353.08,59386.844
002810.SZ,20240205,14.0,14.18,12.86,12.97,14.29,-1.32,-9.2372,53911.29,71423.981
002810.SZ,20240206,12.79,14.25,12.42,14.13,12.97,1.16,8.9437,67678.4,90084.104
002810.SZ,20240207,13.92,15.13,13.58,14.21,14.13,0.08,0.5662,57680.79,83848.856
002810.SZ,20240208,14.36,15.49,14.36,15.1,14.21,0.89,6.2632,53907.64,80603.684
002810.SZ,20240219,15.14,16.29,15.14,16.0,15.1,0.9,5.9603,41281.57,65198.736
002810.SZ,20240220,15.83,15.98,15.36,15.75,16.0,-0.25,-1.5625,30432.35,47475.389
002810.SZ,20240221,15.5,16.0,15.46,15.52,15.75,-0.23,-1.4603,31877.42,50334.783
002810.SZ,20240222,15.63,15.85,15.54,15.77,15.52,0.25,1.6108,19245.61,30236.11
002810.SZ,20240223,15.85,16.22,15.72,16.19,15.77,0.42,2.6633,29639.2,47346.01
002810.SZ,20240226,16.22,16.87,16.05,16.66,16.19,0.47,2.903,35868.05,59301.23
002810.SZ,20240227,16.56,16.76,16.38,16.74,16.66,0.08,0.4802,27103.58,44962.429
002810.SZ,20240228,17.28,18.15,15.72,15.91,16.74,-0.83,-4.9582,76290.93,131048.406
002810.SZ,20240229,15.67,16.3,15.61,16.13,15.91,0.22,1.3828,62761.85,100210.324
002810.SZ,20240301,16.05,16.19,15.77,16.0,16.13,-0.13,-0.806,35975.94,57460.351
002810.SZ,20240304,15.94,16.15,15.21,15.63,16.0,-0.37,-2.3125,50629.26,78672.619
002810.SZ,20240305,15.6,15.64,15.25,15.43,15.63,-0.2,-1.2796,32230.0,49765.292
002810.SZ,20240306,15.33,15.86,15.33,15.66,15.43,0.23,1.4906,25003.39,39016.634
002810.SZ,20240307,15.6,15.87,15.45,15.5,15.66,-0.16,-1.0217,20724.7,32437.351
002810.SZ,20240308,15.5,15.67,15.32,15.37,15.5,-0.13,-0.8387,20992.78,32342.753
002810.SZ,20240311,15.38,15.52,15.31,15.46,15.37,0.09,0.5856,26213.52,40440.503
002810.SZ,20240312,15.57,16.12,15.53,16.08,15.46,0.62,4.0103,47203.92,74732.622
002810.SZ,20240313,16.04,16.17,15.8,15.88,16.08,-0.2,-1.2438,27438.9,43679.375
002810.SZ,20240314,15.92,16.03,15.47,15.57,15.88,-0.31,-1.9521,33442.54,52569.002
002810.SZ,20240315,15.52,15.83,15.39,15.8,15.57,0.23,1.4772,22267.37,34782.44
002810.SZ,20240318,15.9,15.98,15.62,15.9,15.8,0.1,0.6329,31075.23,49027.128
002810.SZ,20240319,15.81,16.02,15.81,15.84,15.9,-0.06,-0.3774,19905.38,31626.72
002810.SZ,20240320,15.87,15.91,15.7,15.86,15.84,0.02,0.1263,20805.92,32882.0
002810.SZ,20240321,15.91,15.95,15.46,15.6,15.86,-0.26,-1.6393,32979.2,51650.208
002810.SZ,20240322,15.61,15.61,14.83,14.89,15.6,-0.71,-4.5513,48253.34,72899.18
002810.SZ,20240325,14.74,14.89,14.31,14.35,14.89,-0.54,-3.6266,45848.67,67060.951
002810.SZ,20240326,14.35,14.49,13.98,14.26,14.35,-0.09,-0.6272,41490.94,59005.792
002810.SZ,20240327,14.3,14.38,13.8,13.81,14.26,-0.45,-3.1557,26775.13,37718.783
002810.SZ,20240328,13.81,14.24,13.8,14.0,13.81,0.19,1.3758,33253.57,46517.218
002810.SZ,20240329,13.91,14.08,13.74,13.88,14.0,-0.12,-0.8571,42870.51,59447.415
002810.SZ,20240401,13.92,14.29,13.92,14.09,13.88,0.21,1.513,85392.88,120411.192
002810.SZ,20240402,14.15,14.2,13.95,14.13,14.09,0.04,0.2839,55308.44,77886.852
002810.SZ,20240403,14.11,14.25,13.85,14.21,14.13,0.08,0.5662,51458.22,72294.448
002810.SZ,20240408,14.4,14.87,14.35,14.77,14.21,0.56,3.9409,107490.54,157037.028
002810.SZ,20240409,14.56,15.8,14.5,15.51,14.77,0.74,5.0102,120473.97,182695.283
002810.SZ,20240410,15.33,15.6,15.18,15.51,15.51,0.0,0.0,91987.57,141284.586
002810.SZ,20240411,15.3,16.04,15.27,15.65,15.51,0.14,0.9026,95926.7,151630.165
002810.SZ,20240412,15.57,15.81,15.42,15.44,15.65,-0.21,-1.3419,53909.84,84134.539
002810.SZ,20240415,15.36,15.5,14.58,14.73,15.44,-0.71,-4.5984,83768.29,125229.244
002810.SZ,20240416,14.68,14.85,13.33,13.34,14.73,-1.39,-9.4365,99844.45,138149.815
002810.SZ,20240417,13.6,14.16,13.6,14.15,13.34,0.81,6.072,57453.07,80296.138
002810.SZ,20240418,14.16,14.2,13.78,13.8,14.15,-0.35,-2.4735,48747.56,67839.24
002810.SZ,20240419,13.76,13.93,13.24,13.32,13.8,-0.48,-3.4783,60984.44,82433.047
002810.SZ,20240422,13.41,13.78,13.06,13.46,13.32,0.14,1.0511,44394.7,60028.054
002810.SZ,20240423,13.41,13.64,13.32,13.56,13.46,0.1,0.7429,33879.3,45708.883
002810.SZ,20240424,13.7,13.9,13.42,13.75,13.56,0.19,1.4012,43737.2,59654.424
002810.SZ,20240425,13.68,14.17,13.65,14.08,13.75,0.33,2.4,42151.31,58978.559
002810.SZ,20240426,14.08,14.16,13.92,14.02,14.08,-0.06,-0.4261,47101.46,66072.105
002810.SZ,20240429,13.57,15.32,13.5,14.88,14.02,0.86,6.1341,127327.16,186439.912
002810.SZ,20240430,14.98,15.08,14.64,14.66,14.88,-0.22,-1.4785,42914.8,63404.971
002810.SZ,20240506,14.8,16.13,14.73,16.13,14.66,1.47,10.0273,117571.3,182508.795
002810.SZ,20240507,16.1,16.85,15.84,16.61,16.13,0.48,2.9758,188271.66,308126.938
002810.SZ,20240508,16.6,16.6,15.83,15.89,16.61,-0.72,-4.3347,110771.65,178133.149
002810.SZ,20240509,15.89,16.15,15.88,15.94,15.89,0.05,0.3147,63044.95,100806.239
002810.SZ,20240510,16.06,16.7,15.93,16.0,15.94,0.06,0.3764,141482.41,231515.117
002810.SZ,20240513,15.69,15.76,15.19,15.3,16.0,-0.7,-4.375,104791.57,161276.727
002810.SZ,20240514,15.42,15.58,15.29,15.35,15.3,0.05,0.3268,45285.56,69714.288
002810.SZ,20240515,15.35,15.58,15.24,15.29,15.35,-0.06,-0.3909,53030.83,81705.692
002810.SZ,20240516,15.26,15.58,15.26,15.34,15.29,0.05,0.327,50172.05,77162.776
002810.SZ,20240517,15.34,15.6,15.18,15.57,15.34,0.23,1.4993,42057.51,64613.034
002810.SZ,20240520,15.48,16.23,15.48,15.9,15.57,0.33,2.1195,83182.36,132178.426
002810.SZ,20240521,15.8,15.8,15.41,15.53,15.9,-0.37,-2.327,60471.12,94040.281
002810.SZ,20240522,15.42,15.78,15.41,15.56,15.53,0.03,0.1932,41301.32,64173.608
002810.SZ,20240523,15.61,15.61,14.8,14.89,15.56,-0.67,-4.3059,64436.6,96978.948
002810.SZ,20240524,14.99,14.99,14.65,14.67,14.89,-0.22,-1.4775,36228.63,53518.173
002810.SZ,20240527,14.68,14.75,14.24,14.62,14.67,-0.05,-0.3408,52218.28,75276.245
002810.SZ,20240528,14.52,14.66,14.45,14.5,14.62,-0.12,-0.8208,26431.3,38417.018
002810.SZ,20240529,14.49,14.68,14.47,14.64,14.5,0.14,0.9655,28606.29,41744.899
002810.SZ,20240530,14.64,14.8,14.48,14.51,14.64,-0.13,-0.888,21320.49,31128.555
002810.SZ,20240531,14.56,14.58,14.3,14.34,14.51,-0.17,-1.1716,27156.4,39281.044
002810.SZ,20240603,14.34,14.39,13.76,13.94,14.34,-0.4,-2.7894,46606.1,65179.054
002810.SZ,20240604,13.91,13.95,13.63,13.91,13.94,-0.03,-0.2152,34354.4,47337.119
002810.SZ,20240605,13.86,13.91,13.59,13.59,13.91,-0.32,-2.3005,29990.0,41279.859
002810.SZ,20240606,13.64,14.06,13.12,13.18,13.59,-0.41,-3.0169,50838.5,68192.724
002810.SZ,20240607,13.33,13.61,13.28,13.48,13.18,0.3,2.2762,31428.0,42252.234
002810.SZ,20240611,13.48,13.63,13.2,13.63,13.48,0.15,1.1128,28527.0,38200.088
002810.SZ,20240612,13.62,13.75,13.56,13.74,13.63,0.11,0.807,27275.89,37246.921
002810.SZ,20240613,13.77,13.79,13.52,13.54,13.74,-0.2,-1.4556,27489.54,37426.062
002810.SZ,20240614,13.54,13.59,13.3,13.38,13.54,-0.16,-1.1817,24584.2,32904.416
002810.SZ,20240617,13.32,13.44,13.26,13.38,13.38,0.0,0.0,24077.7,32128.844
002810.SZ,20240618,13.3,13.49,13.22,13.36,13.38,-0.02,-0.1495,20147.66,26963.488
002810.SZ,20240619,13.4,13.48,13.16,13.19,13.36,-0.17,-1.2725,22480.7,29861.196
002810.SZ,20240620,13.23,13.33,12.91,12.91,13.19,-0.28,-2.1228,28438.06,37258.669
002810.SZ,20240621,12.86,12.89,12.61,12.69,12.91,-0.22,-1.7041,33100.53,42184.149
002810.SZ,20240624,12.6,12.6,11.99,12.03,12.69,-0.66,-5.2009,46255.75,56471.884
002810.SZ,20240625,11.92,12.15,11.83,12.0,12.03,-0.03,-0.2494,32023.65,38349.188
002810.SZ,20240626,11.98,12.27,11.86,12.27,12.0,0.27,2.25,35145.7,42328.561
002810.SZ,20240627,12.26,12.27,11.86,11.88,12.27,-0.39,-3.1785,30801.0,37046.386
002810.SZ,20240628,11.9,12.02,11.78,11.78,11.88,-0.1,-0.8418,27599.9,32870.246
002810.SZ,20240701,11.79,11.92,11.57,11.9,11.78,0.12,1.0187,29662.06,34928.969
002810.SZ,20240702,11.9,12.1,11.85,11.9,11.9,0.0,0.0,22318.7,26777.107
002810.SZ,20240703,11.93,11.95,11.66,11.75,11.9,-0.15,-1.2605,21251.0,25045.777
002810.SZ,20240704,11.76,11.8,11.33,11.35,11.75,-0.4,-3.4043,27264.37,31339.668
002810.SZ,20240705,11.15,11.41,11.06,11.38,11.15,0.23,2.0628,26436.65,29638.341
002810.SZ,20240708,11.26,11.33,10.8,10.84,11.38,-0.54,-4.7452,32944.7,36203.002
002810.SZ,20240709,10.93,11.29,10.81,11.23,10.84,0.39,3.5978,34436.37,38003.588
002810.SZ,20240710,11.15,11.35,11.07,11.1,11.23,-0.13,-1.1576,23535.54,26359.058
002810.SZ,20240711,11.3,11.65,11.25,11.64,11.1,0.54,4.8649,33278.54,38364.33
002810.SZ,20240712,11.66,11.73,11.52,11.58,11.64,-0.06,-0.5155,19975.0,23212.379
002810.SZ,20240715,11.58,11.64,11.23,11.29,11.58,-0.29,-2.5043,23313.48,26485.999
002810.SZ,20240716,11.23,11.32,11.12,11.2,11.29,-0.09,-0.7972,20238.0,22689.638
002810.SZ,20240717,11.22,11.34,11.1,11.2,11.2,0.0,0.0,18697.1,20952.545
002810.SZ,20240718,11.19,11.24,10.97,11.21,11.2,0.01,0.0893,20183.4,22408.376
002810.SZ,20240719,11.21,11.27,11.06,11.09,11.21,-0.12,-1.0705,22773.0,25401.129
002810.SZ,20240722,11.1,11.15,10.92,11.0,11.09,-0.09,-0.8115,20913.0,23059.447
002810.SZ,20240723,10.98,11.0,10.58,10.58,11.0,-0.42,-3.8182,32783.8,35189.271
002810.SZ,20240724,10.52,10.59,10.14,10.16,10.58,-0.42,-3.9698,53029.52,54509.506
002810.SZ,20240725,10.2,10.51,10.11,10.38,10.16,0.22,2.1654,30619.49,31704.867
002810.SZ,20240726,10.38,10.78,10.38,10.73,10.38,0.35,3.3719,30606.0,32668.843
002810.SZ,20240729,10.82,10.83,10.52,10.71,10.73,-0.02,-0.1864,21955.72,23492.296
002810.SZ,20240730,10.71,10.79,10.61,10.69,10.71,-0.02,-0.1867,15899.7,16978.459
002810.SZ,20240731,10.74,11.32,10.56,11.31,10.69,0.62,5.7998,44384.86,49137.927
002810.SZ,20240801,11.28,11.44,11.1,11.23,11.31,-0.08,-0.7073,35694.5,40319.907
002810.SZ,20240802,11.17,11.63,11.07,11.26,11.23,0.03,0.2671,45329.0,51680.902
002810.SZ,20240805,11.17,11.44,10.93,10.94,11.26,-0.32,-2.8419,35267.8,39351.165
002810.SZ,20240806,11.02,12.03,11.02,11.5,10.94,0.56,5.1188,90890.03,105513.953
002810.SZ,20240807,11.48,11.48,11.3,11.36,11.5,-0.14,-1.2174,43265.0,49218.859
002810.SZ,20240808,11.33,11.53,11.24,11.41,11.36,0.05,0.4401,30844.85,35160.476
002810.SZ,20240809,11.51,11.54,11.23,11.23,11.41,-0.18,-1.5776,20992.58,23811.505
002810.SZ,20240812,11.2,11.31,11.06,11.11,11.23,-0.12,-1.0686,18241.6,20383.714
002810.SZ,20240813,11.11,11.3,10.98,11.29,11.11,0.18,1.6202,19438.1,21685.008
002810.SZ,20240814,11.26,11.32,11.02,11.04,11.29,-0.25,-2.2143,20491.11,22777.624
002810.SZ,20240815,11.05,11.19,10.84,11.05,11.04,0.01,0.0906,24631.0,27172.843
002810.SZ,20240816,11.05,11.18,10.91,11.06,11.05,0.01,0.0905,19145.71,21149.818
002810.SZ,20240819,11.02,11.17,10.97,11.02,11.06,-0.04,-0.3617,21149.0,23381.51
002810.SZ,20240820,11.12,11.55,11.0,11.49,11.02,0.47,4.265,88671.45,100549.559
002810.SZ,20240821,11.43,12.22,11.31,11.87,11.49,0.38,3.3072,106402.3,126518.13
002810.SZ,20240822,11.85,11.98,11.63,11.78,11.87,-0.09,-0.7582,48965.6,57707.353
002810.SZ,20240823,11.78,12.18,11.59,11.84,11.78,0.06,0.5093,66447.05,78508.868
002810.SZ,20240826,11.8,11.9,11.63,11.66,11.84,-0.18,-1.5203,46377.35,54506.31
002810.SZ,20240827,11.63,11.79,11.59,11.64,11.66,-0.02,-0.1715,32216.5,37571.618
002810.SZ,20240828,11.61,11.87,11.56,11.71,11.64,0.07,0.6014,36453.7,42781.391
002810.SZ,20240829,11.62,12.15,11.57,12.09,11.71,0.38,3.2451,59204.13,70553.805
002810.SZ,20240830,12.07,12.35,11.93,12.1,12.09,0.01,0.0827,59599.27,72498.72
002810.SZ,20240902,12.03,12.19,11.94,11.96,12.1,-0.14,-1.157,26635.23,32119.883
002810.SZ,20240903,11.88,12.25,11.83,12.1,11.96,0.14,1.1706,33327.76,40159.204
002810.SZ,20240904,12.01,12.19,11.95,11.95,12.1,-0.15,-1.2397,28464.0,34274.024
002810.SZ,20240905,11.93,12.07,11.9,12.02,11.95,0.07,0.5858,21340.0,25568.667
002810.SZ,20240906,12.02,12.04,11.61,11.68,12.02,-0.34,-2.8286,33890.79,39887.343
002810.SZ,20240909,11.58,11.66,11.28,11.37,11.68,-0.31,-2.6541,28350.0,32461.963
002810.SZ,20240910,11.42,11.45,10.99,11.28,11.37,-0.09,-0.7916,38850.0,43421.658
002810.SZ,20240911,11.3,11.71,11.2,11.6,11.28,0.32,2.8369,38814.94,44710.681
002810.SZ,20240912,11.5,11.69,11.28,11.3,11.6,-0.3,-2.5862,31959.0,36475.07
002810.SZ,20240913,11.29,11.45,11.02,11.23,11.3,-0.07,-0.6195,27861.89,31299.05
002810.SZ,20240918,11.21,11.27,10.8,11.01,11.23,-0.22,-1.959,24038.57,26391.089
002810.SZ,20240919,11.11,11.43,11.09,11.39,11.01,0.38,3.4514,26369.2,29775.252
002810.SZ,20240920,11.4,11.4,11.02,11.08,11.39,-0.31,-2.7217,24689.0,27470.257
002810.SZ,20240923,11.04,11.22,10.95,11.09,11.08,0.01,0.0903,25104.6,27808.924
002810.SZ,20240924,11.17,11.85,11.12,11.82,11.09,0.73,6.5825,51186.29,58846.491
002810.SZ,20240925,11.92,12.11,11.72,11.82,11.82,0.0,0.0,44374.0,53038.254
002810.SZ,20240926,11.67,12.41,11.67,12.41,11.82,0.59,4.9915,51792.0,62748.89
002810.SZ,20240927,12.58,13.24,12.54,13.1,12.41,0.69,5.56,76267.81,98350.746
002810.SZ,20240930,13.55,14.41,13.43,14.41,13.1,1.31,10.0,139587.42,196744.366
002810.SZ,20241008,15.85,15.85,14.3,14.97,14.41,0.56,3.8862,186195.61,279927.18
002810.SZ,20241009,14.78,14.97,14.03,14.11,14.97,-0.86,-5.7448,139745.44,202328.413
002810.SZ,20241010,14.15,14.68,13.88,14.2,14.11,0.09,0.6378,90405.52,129508.146
002810.SZ,20241011,14.09,14.26,13.52,13.73,14.2,-0.47,-3.3099,55551.5,76916.483
002810.SZ,20241014,13.94,14.45,13.65,14.39,13.73,0.66,4.807,61995.14,87485.271
002810.SZ,20241015,14.3,14.58,14.1,14.11,14.39,-0.28,-1.9458,45451.0,64813.186
002810.SZ,20241016,13.97,14.43,13.91,14.2,14.11,0.09,0.6378,35800.94,50983.896
002810.SZ,20241017,14.23,14.38,13.9,13.9,14.2,-0.3,-2.1127,33795.17,47782.068
002810.SZ,20241018,13.83,14.48,13.83,14.28,13.9,0.38,2.7338,52564.02,74630.695
002810.SZ,20241021,14.28,14.37,14.01,14.1,14.28,-0.18,-1.2605,54134.02,76571.746
002810.SZ,20241022,14.06,14.39,14.0,14.26,14.1,0.16,1.1348,48730.32,69432.076
002810.SZ,20241023,14.27,14.69,14.15,14.21,14.26,-0.05,-0.3506,49945.0,71607.726
002810.SZ,20241024,14.16,14.24,13.97,14.04,14.21,-0.17,-1.1963,31230.48,43985.243
002810.SZ,20241025,14.04,14.41,14.04,14.33,14.04,0.29,2.0655,37692.24,53742.093
002810.SZ,20241028,14.4,15.18,14.28,15.05,14.33,0.72,5.0244,78002.25,115124.302
002810.SZ,20241029,15.01,15.04,14.02,14.11,15.05,-0.94,-6.2458,114614.87,165069.346
002810.SZ,20241030,14.01,14.27,13.88,13.97,14.11,-0.14,-0.9922,47359.0,66520.208
002810.SZ,20241031,13.97,14.15,13.84,13.98,13.97,0.01,0.0716,31433.67,43984.445
002810.SZ,20241101,13.92,14.17,13.6,13.62,13.98,-0.36,-2.5751,47019.19,65138.455
002810.SZ,20241104,13.64,14.03,13.64,14.03,13.62,0.41,3.0103,30531.57,42547.424
002810.SZ,20241105,14.05,14.22,13.9,14.18,14.03,0.15,1.0691,44857.25,63259.114
002810.SZ,20241106,14.18,14.25,13.9,14.01,14.18,-0.17,-1.1989,45668.4,64331.107
002810.SZ,20241107,13.85,14.14,13.75,14.11,14.01,0.1,0.7138,54525.92,76480.937
002810.SZ,20241108,14.21,14.38,14.03,14.1,14.11,-0.01,-0.0709,54998.28,78013.349
002810.SZ,20241111,14.04,14.38,14.0,14.38,14.1,0.28,1.9858,57259.28,81555.24
002810.SZ,20241112,14.45,15.15,14.41,14.64,14.38,0.26,1.8081,111465.12,164987.778
002810.SZ,20241113,14.61,14.78,14.32,14.65,14.64,0.01,0.0683,53261.18,77371.158
002810.SZ,20241114,14.72,15.6,14.65,15.2,14.65,0.55,3.7543,177465.37,269955.597
002810.SZ,20241115,15.15,15.29,14.42,14.45,15.2,-0.75,-4.9342,112213.11,166570.988
002810.SZ,20241118,14.4,14.5,13.64,13.69,14.45,-0.76,-5.2595,85125.61,118770.116
002810.SZ,20241119,13.8,14.3,13.66,14.13,13.69,0.44,3.214,67692.59,94616.044
002810.SZ,20241120,14.13,14.33,13.95,14.16,14.13,0.03,0.2123,47038.0,66483.184
002810.SZ,20241121,14.08,14.21,13.73,13.88,14.16,-0.28,-1.9774,63946.36,88928.282
002810.SZ,20241122,13.85,13.88,13.17,13.2,13.88,-0.68,-4.8991,68332.68,92520.719
002810.SZ,20241125,13.16,13.44,13.15,13.36,13.2,0.16,1.2121,33425.63,44398.697
002810.SZ,20241126,13.34,13.46,13.14,13.17,13.36,-0.19,-1.4222,24546.37,32616.372
002810.SZ,20241127,13.15,13.45,12.83,13.43,13.17,0.26,1.9742,39567.35,51886.602
002810.SZ,20241128,13.41,13.98,13.39,13.69,13.43,0.26,1.936,68251.73,94055.683
002810.SZ,20241129,13.69,13.92,13.6,13.76,13.69,0.07,0.5113,43779.04,60244.346
002810.SZ,20241202,13.82,14.3,13.77,14.18,13.76,0.42,3.0523,64313.37,90949.461
002810.SZ,20241203,14.15,14.35,14.04,14.13,14.18,-0.05,-0.3526,42522.7,60241.909
002810.SZ,20241204,14.13,14.63,14.0,14.09,14.13,-0.04,-0.2831,86096.96,122709.241
002810.SZ,20241205,14.09,14.33,13.96,14.25,14.09,0.16,1.1356,57167.91,80976.304
002810.SZ,20241206,14.19,14.25,13.93,14.1,14.25,-0.15,-1.0526,53656.19,75646.926
002810.SZ,20241209,14.04,14.13,13.87,13.99,14.1,-0.11,-0.7801,43208.24,60489.604
002810.SZ,20241210,14.32,15.35,14.09,14.84,13.99,0.85,6.0758,190686.84,281300.422
002810.SZ,20241211,14.83,14.94,14.65,14.83,14.84,-0.01,-0.0674,64024.6,94862.916
002810.SZ,20241212,14.8,15.25,14.72,15.01,14.83,0.18,1.2138,78058.23,116580.747
002810.SZ,20241213,14.93,14.96,14.71,14.72,15.01,-0.29,-1.932,52356.0,77648.773
002810.SZ,20241216,14.75,14.85,14.46,14.6,14.72,-0.12,-0.8152,41196.24,60160.158
002810.SZ,20241217,14.63,14.87,14.15,14.2,14.6,-0.4,-2.7397,49324.25,71192.433
002810.SZ,20241218,14.41,15.62,14.23,15.22,14.2,1.02,7.1831,386229.1,589324.024
002810.SZ,20241219,14.77,15.2,14.41,14.71,15.22,-0.51,-3.3509,246290.93,360219.261
002810.SZ,20241220,14.62,15.3,14.53,14.9,14.71,0.19,1.2916,168815.59,253310.77
002810.SZ,20241223,14.8,15.08,13.95,14.02,14.9,-0.88,-5.906,141443.43,203565.839
002810.SZ,20241224,13.99,14.39,13.71,13.98,14.02,-0.04,-0.2853,83162.95,116227.277
002810.SZ,20241225,13.9,13.99,13.17,13.25,13.98,-0.73,-5.2217,94177.0,126361.888
002810.SZ,20241226,13.27,13.45,13.21,13.31,13.25,0.06,0.4528,50260.5,66947.307
002810.SZ,20241227,13.31,13.65,13.28,13.46,13.31,0.15,1.127,59335.5,80162.383
002810.SZ,20241230,13.37,13.48,13.17,13.33,13.46,-0.13,-0.9658,46293.0,61711.613
002810.SZ,20241231,13.34,13.43,12.83,12.85,13.33,-0.48,-3.6009,59339.54,77417.13
002810.SZ,20250102,13.01,13.1,12.51,12.68,12.85,-0.17,-1.323,59735.59,76474.541
002810.SZ,20250103,12.55,12.56,11.89,11.92,12.53,-0.61,-4.8683,68597.53,83626.24
002810.SZ,20250106,11.89,12.24,11.62,12.08,11.92,0.16,1.3423,49706.09,59673.43
002810.SZ,20250107,12.01,12.18,11.91,12.17,12.08,0.09,0.745,35532.0,42876.966
002810.SZ,20250108,12.11,12.15,11.77,12.07,12.17,-0.1,-0.8217,34377.41,41195.566
002810.SZ,20250109,12.0,12.13,11.91,11.96,12.07,-0.11,-0.9114,28096.7,33785.399
002810.SZ,20250110,11.9,12.04,11.58,11.59,11.96,-0.37,-3.0936,31990.23,37797.998
002810.SZ,20250113,11.42,11.72,11.38,11.67,11.59,0.08,0.6903,26984.23,31210.51
002810.SZ,20250114,11.68,12.09,11.65,12.05,11.67,0.38,3.2562,44162.03,52632.683
002810.SZ,20250115,12.09,12.15,11.93,12.07,12.05,0.02,0.166,26393.78,31824.832
002810.SZ,20250116,12.18,12.35,12.05,12.22,12.07,0.15,1.2428,34273.27,41823.496
002810.SZ,20250117,12.14,12.26,12.09,12.24,12.22,0.02,0.1637,27569.0,33590.371
002810.SZ,20250120,12.3,12.4,12.21,12.38,12.24,0.14,1.1438,27695.27,34162.344
002810.SZ,20250121,12.39,12.45,12.22,12.3,12.38,-0.08,-0.6462,22309.27,27408.957
002810.SZ,20250122,12.23,12.32,12.13,12.18,12.3,-0.12,-0.9756,20029.52,24482.372
002810.SZ,20250123,12.25,12.47,12.25,12.28,12.18,0.1,0.821,32608.5,40336.209
002810.SZ,20250124,12.26,12.37,12.22,12.34,12.28,0.06,0.4886,21427.5,26349.319
002810.SZ,20250127,12.43,12.53,12.28,12.28,12.34,-0.06,-0.4862,24155.5,29945.87
002810.SZ,20250205,12.28,12.39,12.09,12.17,12.28,-0.11,-0.8958,28901.5,35285.988
002810.SZ,20250206,12.23,12.37,12.1,12.37,12.17,0.2,1.6434,34291.92,42104.834
002810.SZ,20250207,12.32,12.56,12.27,12.46,12.37,0.09,0.7276,48378.07,60244.443
002810.SZ,20250210,12.45,12.55,12.4,12.55,12.46,0.09,0.7223,31654.43,39523.633
002810.SZ,20250211,12.54,12.54,12.37,12.47,12.55,-0.08,-0.6375,35691.38,44392.16
002810.SZ,20250212,12.46,12.52,12.33,12.51,12.47,0.04,0.3208,34352.61,42717.455
002810.SZ,20250213,12.46,12.6,12.41,12.42,12.51,-0.09,-0.7194,29548.32,36960.986
002810.SZ,20250214,12.42,12.58,12.37,12.43,12.42,0.01,0.0805,28390.19,35364.481
002810.SZ,20250217,12.44,12.55,12.38,12.55,12.43,0.12,0.9654,31334.09,39062.361
002810.SZ,20250218,12.55,12.56,12.24,12.26,12.55,-0.29,-2.3108,35128.6,43624.523
002810.SZ,20250219,12.32,12.46,12.21,12.46,12.26,0.2,1.6313,27219.46,33680.036
002810.SZ,20250220,12.48,12.79,12.44,12.72,12.46,0.26,2.0867,53474.47,67651.669
002810.SZ,20250221,12.73,12.74,12.57,12.63,12.72,-0.09,-0.7075,43427.7,54824.114
002810.SZ,20250224,12.61,12.73,12.55,12.71,12.63,0.08,0.6334,36041.37,45578.102
002810.SZ,20250225,12.65,12.86,12.51,12.61,12.71,-0.1,-0.7868,36038.57,45695.336
002810.SZ,20250226,12.64,12.82,12.64,12.8,12.61,0.19,1.5067,35310.36,45061.002
002810.SZ,20250227,12.89,12.93,12.61,12.82,12.8,0.02,0.1563,41232.48,52705.958
002810.SZ,20250228,12.82,12.95,12.52,12.53,12.82,-0.29,-2.2621,48661.5,61931.435
002810.SZ,20250303,12.63,12.82,12.59,12.73,12.53,0.2,1.5962,46451.69,59203.302
002810.SZ,20250304,12.8,12.83,12.65,12.75,12.73,0.02,0.1571,25018.81,31817.88
002810.SZ,20250305,12.72,12.78,12.54,12.75,12.75,0.0,0.0,30030.9,37982.569
002810.SZ,20250306,12.77,12.81,12.68,12.77,12.75,0.02,0.1569,35606.31,45414.284
002810.SZ,20250307,12.83,13.3,12.75,13.09,12.77,0.32,2.5059,105819.58,138231.178
002810.SZ,20250310,13.07,13.23,12.96,13.13,13.09,0.04,0.3056,53016.87,69436.953
002810.SZ,20250311,13.05,13.1,12.95,13.1,13.13,-0.03,-0.2285,38875.0,50594.528
002810.SZ,20250312,13.11,13.14,13.04,13.09,13.1,-0.01,-0.0763,31553.0,41339.406
002810.SZ,20250313,13.07,13.17,12.98,13.05,13.09,-0.04,-0.3056,40376.57,52734.565
002810.SZ,20250314,13.05,13.24,12.98,13.24,13.05,0.19,1.4559,47184.73,62047.898
002810.SZ,20250317,13.31,13.38,13.17,13.34,13.24,0.1,0.7553,44985.4,59725.416
002810.SZ,20250318,13.34,13.39,13.23,13.3,13.34,-0.04,-0.2999,37612.3,49993.875
002810.SZ,20250319,13.23,13.38,13.21,13.24,13.3,-0.06,-0.4511,32203.08,42746.394
002810.SZ,20250320,13.2,13.25,13.04,13.06,13.24,-0.18,-1.3595,42205.4,55464.568
002810.SZ,20250321,13.0,13.13,12.84,12.86,13.06,-0.2,-1.5314,33366.0,43264.348
002810.SZ,20250324,12.87,12.94,12.33,12.65,12.86,-0.21,-1.633,59133.82,74433.395
002810.SZ,20250325,12.55,12.74,12.41,12.69,12.65,0.04,0.3162,41830.8,52685.667
002810.SZ,20250326,12.66,12.94,12.62,12.89,12.69,0.2,1.576,30898.0,39681.525
002810.SZ,20250327,12.8,13.14,12.73,13.07,12.89,0.18,1.3964,40829.0,53082.206
002810.SZ,20250328,13.04,13.04,12.6,12.62,13.07,-0.45,-3.443,46149.5,58977.792
002810.SZ,20250331,12.56,12.6,12.2,12.3,12.62,-0.32,-2.5357,37882.0,46835.028
002810.SZ,20250401,12.36,12.65,12.33,12.64,12.3,0.34,2.7642,35297.34,44370.539
002810.SZ,20250402,12.6,12.79,12.6,12.7,12.64,0.06,0.4747,26199.7,33315.994
002810.SZ,20250403,12.62,12.71,12.32,12.45,12.7,-0.25,-1.9685,38969.0,48645.975
002810.SZ,20250407,11.71,11.97,11.21,11.21,12.45,-1.24,-9.9598,55525.0,63160.824
002810.SZ,20250408,11.05,11.28,10.7,10.8,11.21,-0.41,-3.6574,70924.13,77337.486
002810.SZ,20250409,10.59,10.95,10.0,10.93,10.8,0.13,1.2037,64378.95,67627.492
002810.SZ,20250410,11.06,11.24,11.0,11.12,10.93,0.19,1.7383,51821.2,57747.018
002810.SZ,20250411,11.04,11.27,11.02,11.2,11.12,0.08,0.7194,30947.46,34617.967
002810.SZ,20250414,11.29,11.37,11.16,11.23,11.2,0.03,0.2679,27147.2,30574.337
002810.SZ,20250415,11.24,11.37,11.17,11.29,11.23,0.06,0.5343,23957.0,26990.418
002810.SZ,20250416,11.35,11.41,11.09,11.27,11.29,-0.02,-0.1771,28461.36,32073.56
002810.SZ,20250417,11.2,11.57,11.16,11.43,11.27,0.16,1.4197,35980.71,41206.85
002810.SZ,20250418,11.44,11.49,11.3,11.37,11.43,-0.06,-0.5249,17361.05,19754.29
002810.SZ,20250421,11.44,11.54,11.38,11.49,11.37,0.12,1.0554,16537.3,18987.152
002810.SZ,20250422,11.45,11.54,11.42,11.51,11.49,0.02,0.1741,16563.5,19024.605
002810.SZ,20250423,11.53,11.68,11.5,11.62,11.51,0.11,0.9557,24919.38,28883.463
002810.SZ,20250424,11.62,11.66,11.46,11.58,11.62,-0.04,-0.3442,26348.77,30512.535
002810.SZ,20250425,11.58,11.68,11.52,11.54,11.58,-0.04,-0.3454,18756.0,21717.477
002810.SZ,20250428,11.27,11.28,10.85,11.07,11.54,-0.47,-4.0728,82210.45,90359.533
002810.SZ,20250429,11.01,11.21,10.93,11.13,11.07,0.06,0.542,38930.7,43314.491
002810.SZ,20250430,11.16,11.5,11.08,11.24,11.13,0.11,0.9883,48649.8,54764.45
002810.SZ,20250506,11.42,11.47,11.29,11.45,11.24,0.21,1.8683,36809.32,41951.894
002810.SZ,20250507,11.52,11.6,11.36,11.47,11.45,0.02,0.1747,32073.68,36794.32
002810.SZ,20250508,11.67,11.77,11.5,11.59,11.47,0.12,1.0462,39582.14,45921.877
002810.SZ,20250509,11.55,11.6,11.4,11.42,11.59,-0.17,-1.4668,29120.92,33442.562
002810.SZ,20250512,11.51,12.01,11.47,11.81,11.42,0.39,3.4151,65093.34,76313.658
002810.SZ,20250513,11.95,11.99,11.8,11.9,11.81,0.09,0.7621,47310.1,56305.176
002810.SZ,20250514,11.9,11.93,11.76,11.86,11.9,-0.04,-0.3361,26170.02,30957.212
002810.SZ,20250515,11.81,12.39,11.74,11.96,11.86,0.1,0.8432,75895.41,91815.85
002810.SZ,20250516,11.92,12.15,11.76,12.04,11.96,0.08,0.6689,60897.5,72493.47
002810.SZ,20250519,12.02,12.08,11.88,11.98,12.04,-0.06,-0.4983,34398.0,41120.882
002810.SZ,20250520,11.98,12.25,11.94,12.14,11.98,0.16,1.3356,39527.55,47818.035
002810.SZ,20250521,12.11,12.37,12.06,12.21,12.14,0.07,0.5766,40996.55,50070.591
002810.SZ,20250522,12.17,12.24,11.91,11.91,12.21,-0.3,-2.457,30961.57,37302.272
002810.SZ,20250523,11.92,12.46,11.92,12.21,11.91,0.3,2.5189,74802.0,91643.983
002810.SZ,20250526,12.19,12.2,11.88,11.92,12.21,-0.29,-2.3751,51093.5,61291.794
002810.SZ,20250527,11.59,11.6,11.06,11.28,11.92,-0.64,-5.3691,118883.05,133316.192
002810.SZ,20250528,11.28,11.4,11.07,11.13,11.28,-0.15,-1.3298,58287.71,65099.162
002810.SZ,20250529,11.1,11.22,11.04,11.16,11.13,0.03,0.2695,46424.4,51804.119
002810.SZ,20250530,11.2,11.75,11.07,11.32,11.16,0.16,1.4337,88957.1,100949.175
002810.SZ,20250603,11.2,11.64,11.17,11.46,11.32,0.14,1.2367,64831.34,74331.587
002810.SZ,20250604,11.47,11.54,11.38,11.5,11.46,0.04,0.349,39253.38,45038.514
002810.SZ,20250605,11.49,11.51,11.39,11.42,11.5,-0.08,-0.6957,39039.0,44607.064
002810.SZ,20250606,11.4,11.49,11.33,11.33,11.42,-0.09,-0.7881,23844.0,27195.065
002810.SZ,20250609,11.35,11.61,11.33,11.61,11.33,0.28,2.4713,44264.81,50981.949
002810.SZ,20250610,11.65,12.39,11.62,11.87,11.61,0.26,2.2394,110670.66,132754.651
002810.SZ,20250611,12.07,12.23,11.93,11.95,11.87,0.08,0.674,50464.55,60603.089
002810.SZ,20250612,11.89,12.0,11.83,11.94,11.95,-0.01,-0.0837,34062.25,40607.173
002810.SZ,20250613,11.91,11.93,11.73,11.74,11.94,-0.2,-1.675,32010.0,37777.302
002810.SZ,20250616,11.71,11.83,11.67,11.7,11.74,-0.04,-0.3407,26378.3,30948.019
002810.SZ,20250617,11.68,11.76,11.61,11.68,11.7,-0.02,-0.1709,24127.0,28209.796
002810.SZ,20250618,11.72,11.72,11.4,11.46,11.68,-0.22,-1.8836,34028.0,39064.905
002810.SZ,20250619,11.42,11.51,11.27,11.29,11.46,-0.17,-1.4834,23069.5,26234.492
002810.SZ,20250620,11.37,11.45,11.29,11.3,11.29,0.01,0.0886,18730.4,21282.417
002810.SZ,20250623,11.26,11.52,11.2,11.48,11.3,0.18,1.5929,33292.14,38030.444
002810.SZ,20250624,11.43,11.98,11.42,11.95,11.48,0.47,4.0941,89344.0,105843.165
002810.SZ,20250625,11.95,12.02,11.75,11.9,11.95,-0.05,-0.4184,48182.53,57140.267
002810.SZ,20250626,11.89,11.95,11.69,11.71,11.9,-0.19,-1.5966,42583.29,50208.941
002810.SZ,20250627,11.72,12.1,11.71,11.94,11.71,0.23,1.9641,67158.56,79959.08
002810.SZ,20250630,12.05,12.07,11.88,11.95,11.94,0.01,0.0838,30699.94,36624.479
002810.SZ,20250701,12.1,13.15,12.1,13.15,11.95,1.2,10.0418,242839.76,311426.685
002810.SZ,20250702,13.31,13.49,12.89,13.0,13.15,-0.15,-1.1407,343504.43,451198.489
002810.SZ,20250703,12.94,13.65,12.77,13.44,13.0,0.44,3.3846,294909.2,390025.726
002810.SZ,20250704,13.4,13.43,12.91,12.92,13.44,-0.52,-3.869,149802.61,195938.739
002810.SZ,20250707,12.86,13.12,12.85,12.89,12.92,-0.03,-0.2322,87660.3,113470.697
002810.SZ,20250708,12.9,13.05,12.8,12.96,12.89,0.07,0.5431,82801.42,106948.294
002810.SZ,20250709,13.01,13.01,12.68,12.74,12.96,-0.22,-1.6975,86367.4,110585.204
002810.SZ,20250710,12.74,12.92,12.66,12.86,12.74,0.12,0.9419,70202.61,89975.423
002810.SZ,20250711,12.87,12.94,12.74,12.83,12.86,-0.03,-0.2333,49870.48,63960.541
002810.SZ,20250714,12.79,12.94,12.78,12.89,12.83,0.06,0.4677,48226.01,62068.384
002810.SZ,20250715,12.88,12.88,12.6,12.81,12.89,-0.08,-0.6206,65014.01,82649.457
002810.SZ,20250716,12.81,12.95,12.75,12.87,12.81,0.06,0.4684,50813.0,65308.24
002810.SZ,20250717,12.86,12.92,12.79,12.9,12.87,0.03,0.2331,35804.2,46032.966
002810.SZ,20250718,12.89,12.95,12.85,12.95,12.9,0.05,0.3876,58788.94,75873.378
002810.SZ,20250721,13.05,13.26,13.02,13.22,12.95,0.27,2.0849,112714.53,148306.79
002810.SZ,20250722,13.24,13.78,13.24,13.4,13.22,0.18,1.3616,150104.26,202165.84
002810.SZ,20250723,13.5,13.66,13.17,13.19,13.4,-0.21,-1.5672,130901.6,175435.361
002810.SZ,20250724,13.19,13.26,13.04,13.26,13.19,0.07,0.5307,104744.69,137622.681
002810.SZ,20250725,13.23,13.57,13.15,13.36,13.26,0.1,0.7541,99436.41,133328.082
002810.SZ,20250728,13.45,13.68,13.31,13.5,13.36,0.14,1.0479,93860.0,126813.994
002810.SZ,20250729,13.46,13.47,13.22,13.4,13.5,-0.1,-0.7407,72448.0,96581.678
002810.SZ,20250730,13.38,13.6,13.26,13.34,13.4,-0.06,-0.4478,68625.0,92110.829
002810.SZ,20250731,13.27,13.36,13.12,13.2,13.34,-0.14,-1.0495,64118.7,84794.441
002810.SZ,20250801,13.19,13.41,13.17,13.36,13.2,0.16,1.2121,48770.32,64933.582
002810.SZ,20250804,13.26,13.31,13.16,13.3,13.36,-0.06,-0.4491,39691.0,52624.636
002810.SZ,20250805,13.36,13.66,13.31,13.65,13.3,0.35,2.6316,82752.38,111874.588
002810.SZ,20250806,13.65,13.68,13.45,13.51,13.65,-0.14,-1.0256,65943.6,89072.303
002810.SZ,20250807,13.51,13.61,13.4,13.5,13.51,-0.01,-0.074,69301.12,93540.268
002810.SZ,20250808,13.54,13.54,13.36,13.45,13.5,-0.05,-0.3704,41037.2,55155.968
002810.SZ,20250811,13.4,13.84,13.37,13.75,13.45,0.3,2.2305,90948.9,124010.72
002810.SZ,20250812,13.88,13.93,13.57,13.66,13.75,-0.09,-0.6545,60595.51,82974.653
002810.SZ,20250813,13.68,13.7,13.5,13.67,13.66,0.01,0.0732,56432.65,76651.542
002810.SZ,20250814,13.7,13.71,13.17,13.19,13.67,-0.48,-3.5113,91530.57,122626.792
002810.SZ,20250815,13.2,13.78,13.2,13.65,13.19,0.46,3.4875,109245.84,147679.033
002810.SZ,20250818,13.75,13.76,13.55,13.62,13.65,-0.03,-0.2198,91151.56,124237.517
002810.SZ,20250819,13.69,13.9,13.54,13.72,13.62,0.1,0.7342,89526.71,122920.577
002810.SZ,20250820,13.76,13.92,13.65,13.88,13.72,0.16,1.1662,65553.64,90592.377
002810.SZ,20250821,13.9,13.92,13.62,13.67,13.88,-0.21,-1.513,77159.99,105978.58
002810.SZ,20250822,13.72,13.93,13.61,13.88,13.67,0.21,1.5362,80643.46,111133.606
002810.SZ,20250825,13.86,13.87,13.57,13.71,13.88,-0.17,-1.2248,94702.0,129701.156
002810.SZ,20250826,13.71,14.54,13.7,14.5,13.71,0.79,5.7622,196587.65,277988.882
002810.SZ,20250827,14.47,14.5,14.17,14.17,14.5,-0.33,-2.2759,150170.59,215064.945
002810.SZ,20250828,14.1,14.4,13.84,14.22,14.17,0.05,0.3529,104287.88,147303.451
002810.SZ,20250829,14.21,14.35,13.98,14.02,14.22,-0.2,-1.4065,77852.42,110046.22
002810.SZ,20250901,14.09,14.13,13.9,14.05,14.02,0.03,0.214,61349.67,85838.318
002810.SZ,20250902,14.04,14.05,13.56,13.79,14.05,-0.26,-1.8505,84798.7,116536.692
002810.SZ,20250903,13.8,13.88,13.36,13.43,13.79,-0.36,-2.6106,60792.82,82323.081
002810.SZ,20250904,13.42,13.58,13.28,13.45,13.43,0.02,0.1489,62888.99,84648.641
002810.SZ,20250905,13.5,13.85,13.46,13.78,13.45,0.33,2.4535,58807.9,80642.975
002810.SZ,20250908,13.9,14.21,13.82,14.18,13.78,0.4,2.9028,76698.25,108132.743
002810.SZ,20250909,14.16,14.19,13.94,13.99,14.18,-0.19,-1.3399,56947.25,80037.901
002810.SZ,20250910,13.97,14.04,13.79,13.87,13.99,-0.12,-0.8578,39584.98,54945.065
002810.SZ,20250911,13.81,13.97,13.66,13.93,13.87,0.06,0.4326,46657.0,64571.589
002810.SZ,20250912,14.05,14.05,13.67,13.68,13.93,-0.25,-1.7947,59853.9,82297.052
002810.SZ,20250915,13.76,13.76,13.48,13.52,13.68,-0.16,-1.1696,53011.7,71829.1
002810.SZ,20250916,13.52,13.56,13.36,13.55,13.52,0.03,0.2219,52046.16,70048.056
002810.SZ,20250917,13.5,13.62,13.44,13.51,13.45,0.06,0.4461,47094.0,63630.107
002810.SZ,20250918,13.54,13.75,13.29,13.4,13.51,-0.11,-0.8142,64533.75,87274.545
002810.SZ,20250919,13.36,13.49,13.21,13.3,13.4,-0.1,-0.7463,38677.25,51541.971
002810.SZ,20250922,13.29,13.39,13.05,13.17,13.3,-0.13,-0.9774,31963.0,41995.685
002810.SZ,20250923,13.1,13.3,12.74,12.98,13.17,-0.19,-1.4427,49358.02,63687.672
002810.SZ,20250924,12.89,13.15,12.88,13.15,12.98,0.17,1.3097,28289.0,37031.913
002810.SZ,20250925,13.03,13.29,12.94,12.94,13.15,-0.21,-1.597,36040.0,47163.71
002810.SZ,20250926,12.91,13.22,12.88,13.11,12.94,0.17,1.3138,34181.85,44717.686
002810.SZ,20250929,13.11,13.27,12.91,13.23,13.11,0.12,0.9153,28535.0,37491.325
002810.SZ,20250930,13.24,13.34,13.23,13.33,13.23,0.1,0.7559,26412.4,35115.96
002810.SZ,20251009,13.37,13.38,13.05,13.25,13.33,-0.08,-0.6002,47753.75,62743.394
002810.SZ,20251010,13.2,13.33,13.15,13.26,13.25,0.01,0.0755,33814.0,44784.341
002810.SZ,20251013,12.96,13.24,12.79,13.19,13.26,-0.07,-0.5279,40789.14,53393.6
002810.SZ,20251014,13.19,13.27,12.89,12.94,13.19,-0.25,-1.8954,45088.6,58868.726
002810.SZ,20251015,12.91,13.06,12.9,13.04,12.94,0.1,0.7728,25038.25,32547.192
002810.SZ,20251016,13.04,13.08,12.76,12.77,13.04,-0.27,-2.0706,37767.16,48691.387
002810.SZ,20251017,12.81,12.84,12.5,12.51,12.77,-0.26,-2.036,35404.62,44753.281
002810.SZ,20251020,12.59,12.68,12.53,12.65,12.51,0.14,1.1191,20606.38,25962.876
002810.SZ,20251021,12.65,12.97,12.6,12.9,12.65,0.25,1.9763,30431.38,39024.203
002810.SZ,20251022,12.95,13.8,12.91,13.53,12.9,0.63,4.8837,143980.72,193718.518
002810.SZ,20251023,13.49,13.67,13.28,13.42,13.53,-0.11,-0.813,76108.26,102076.876
002810.SZ,20251024,13.4,13.4,13.11,13.21,13.42,-0.21,-1.5648,64381.1,85331.396
002810.SZ,20251027,13.24,13.38,13.2,13.32,13.21,0.11,0.8327,39025.0,51888.354
002810.SZ,20251028,13.32,13.5,13.27,13.42,13.32,0.1,0.7508,52199.86,69856.975
002810.SZ,20251029,13.31,13.32,12.8,13.0,13.42,-0.42,-3.1297,82877.46,107211.623
002810.SZ,20251030,12.96,13.12,12.83,12.9,13.0,-0.1,-0.7692,56686.28,73590.24
002810.SZ,20251031,12.93,13.28,12.91,13.02,12.9,0.12,0.9302,48492.31,63282.183
002810.SZ,20251103,13.05,13.11,12.89,12.99,13.02,-0.03,-0.2304,31717.82,41069.985
002810.SZ,20251104,12.98,12.98,12.8,12.84,12.99,-0.15,-1.1547,37060.12,47705.027
002810.SZ,20251105,12.81,13.3,12.77,13.11,12.84,0.27,2.1028,49820.21,64989.814
002810.SZ,20251106,13.12,13.22,13.05,13.1,13.11,-0.01,-0.0763,43137.21,56633.342
002810.SZ,20251107,13.08,13.35,13.03,13.25,13.1,0.15,1.145,47321.3,62617.495
002810.SZ,20251110,13.25,13.45,13.25,13.45,13.25,0.2,1.5094,44202.91,59152.297
002810.SZ,20251111,13.49,13.68,13.37,13.66,13.45,0.21,1.5613,56913.66,77254.395
002810.SZ,20251112,13.7,13.7,13.45,13.54,13.66,-0.12,-0.8785,45411.35,61542.442
002810.SZ,20251113,13.57,13.98,13.5,13.93,13.54,0.39,2.8804,86937.65,120143.559
002810.SZ,20251114,13.88,14.18,13.86,13.87,13.93,-0.06,-0.4307,73118.74,102145.18
002810.SZ,20251117,13.82,13.98,13.74,13.83,13.87,-0.04,-0.2884,51809.29,71639.626
002810.SZ,20251118,13.76,13.8,13.53,13.6,13.83,-0.23,-1.6631,42686.66,58076.655
002810.SZ,20251119,13.6,13.83,13.43,13.58,13.6,-0.02,-0.1471,45414.8,61752.787
002810.SZ,20251120,13.6,13.74,13.36,13.38,13.58,-0.2,-1.4728,34571.4,46670.764
002810.SZ,20251121,13.3,13.41,12.58,12.6,13.38,-0.78,-5.8296,85698.9,109816.319
002810.SZ,20251124,12.6,12.9,12.55,12.77,12.6,0.17,1.3492,60264.59,76824.449
002810.SZ,20251125,12.79,12.99,12.72,12.93,12.77,0.16,1.2529,31412.31,40552.095
002810.SZ,20251126,12.95,12.99,12.7,12.75,12.93,-0.18,-1.3921,42585.41,54637.498
002810.SZ,20251127,12.96,12.96,12.71,12.76,12.75,0.01,0.0784,23862.0,30546.048
002810.SZ,20251128,12.75,13.02,12.68,13.0,12.76,0.24,1.8809,40018.26,51692.449
002810.SZ,20251201,13.15,13.6,13.02,13.25,13.0,0.25,1.9231,55078.62,73489.969
002810.SZ,20251202,13.2,13.33,13.0,13.08,13.25,-0.17,-1.283,28248.4,37022.7
002810.SZ,20251203,13.04,13.16,12.95,13.05,13.08,-0.03,-0.2294,26947.71,35140.967
002810.SZ,20251204,13.05,13.05,12.74,12.83,13.05,-0.22,-1.6858,33168.0,42629.966
002810.SZ,20251205,12.81,13.18,12.75,13.14,12.83,0.31,2.4162,35261.32,45870.633
002810.SZ,20251208,13.23,13.63,13.23,13.45,13.14,0.31,2.3592,63128.04,85042.776
002810.SZ,20251209,13.45,13.45,13.21,13.22,13.45,-0.23,-1.71,32326.0,43029.044
002810.SZ,20251210,13.22,13.26,13.08,13.15,13.22,-0.07,-0.5295,22553.0,29669.147
002810.SZ,20251211,13.15,13.21,12.9,12.96,13.15,-0.19,-1.4449,31535.67,41051.609
002810.SZ,20251212,12.99,13.02,12.72,12.74,12.96,-0.22,-1.6975,40592.32,52155.348
002810.SZ,20251215,12.74,12.89,12.66,12.84,12.74,0.1,0.7849,23507.78,30101.172
002810.SZ,20251216,12.8,12.81,12.44,12.45,12.84,-0.39,-3.0374,46970.77,59060.506
002810.SZ,20251217,12.49,12.73,12.37,12.67,12.45,0.22,1.7671,33619.3,42169.547
002810.SZ,20251218,12.58,12.93,12.57,12.79,12.67,0.12,0.9471,32256.48,41352.695
002810.SZ,20251219,12.79,13.4,12.78,13.22,12.79,0.43,3.362,69391.65,90547.322
002810.SZ,20251222,14.08,14.54,14.08,14.54,13.22,1.32,9.9849,215112.43,311005.686
002810.SZ,20251223,15.0,15.99,14.8,15.99,14.54,1.45,9.9725,434295.02,671267.164
002810.SZ,20251224,16.3,16.3,15.43,15.8,15.99,-0.19,-1.1882,458911.89,724606.474
002810.SZ,20251225,15.64,15.84,15.28,15.49,15.8,-0.31,-1.962,215498.5,333682.188
002810.SZ,20251226,15.57,15.74,15.37,15.46,15.49,-0.03,-0.1937,169876.98,264226.333
002810.SZ,20251229,15.55,15.57,14.69,15.0,15.46,-0.46,-2.9754,178458.32,267777.804
002810.SZ,20251230,14.93,15.15,14.7,14.85,15.0,-0.15,-1.0,115329.26,172257.436
002810.SZ,20251231,14.81,15.18,14.55,14.83,14.85,-0.02,-0.1347,125138.0,185952.084
002810.SZ,20260105,14.9,15.02,14.3,14.56,14.83,-0.27,-1.8206,154753.88,224957.616
002810.SZ,20260106,14.56,14.77,14.47,14.57,14.56,0.01,0.0687,94846.53,138379.967
002810.SZ,20260107,14.6,14.68,14.42,14.53,14.57,-0.04,-0.2745,87951.44,127991.439
002810.SZ,20260108,14.53,15.56,14.48,15.21,14.53,0.68,4.68,259105.28,390918.293
002810.SZ,20260109,15.1,15.11,14.65,14.95,15.21,-0.26,-1.7094,162015.12,240721.954
002810.SZ,20260112,14.96,15.04,14.7,15.03,14.95,0.08,0.5351,120252.9,179278.176
002810.SZ,20260113,15.06,15.44,14.7,14.84,15.03,-0.19,-1.2641,155565.0,234459.123
002810.SZ,20260114,14.8,14.97,14.6,14.75,14.84,-0.09,-0.6065,114855.1,169969.972
002810.SZ,20260115,14.63,15.07,14.6,14.85,14.75,0.1,0.678,81918.5,121621.151
002810.SZ,20260116,14.9,15.1,14.73,15.0,14.85,0.15,1.0101,116074.47,173385.984
002810.SZ,20260119,15.2,15.99,15.05,15.9,15.0,0.9,6.0,245570.45,384797.549
002810.SZ,20260120,16.02,17.49,15.96,17.49,15.9,1.59,10.0,194238.97,329675.657
002810.SZ,20260121,17.63,17.9,17.1,17.2,17.49,-0.29,-1.6581,358537.75,624564.153
002810.SZ,20260122,17.0,17.28,16.74,16.9,17.2,-0.3,-1.7442,188882.17,319321.861
002810.SZ,20260123,17.07,18.59,17.07,18.59,16.9,1.69,10.0,299963.53,539746.728
002810.SZ,20260126,18.8,18.8,17.47,17.61,18.59,-0.98,-5.2717,259967.31,463868.066
002810.SZ,20260127,17.53,17.62,16.85,17.31,17.61,-0.3,-1.7036,165891.71,285037.035
002810.SZ,20260128,17.2,17.58,16.88,17.09,17.31,-0.22,-1.2709,175959.21,302096.898
002810.SZ,20260129,17.53,18.32,17.38,17.59,17.09,0.5,2.9257,285057.55,508192.104
002810.SZ,20260130,17.39,18.1,17.11,17.83,17.59,0.24,1.3644,231051.24,408659.666
002810.SZ,20260202,17.51,18.1,16.99,17.02,17.83,-0.81,-4.5429,167518.25,293490.583
002810.SZ,20260203,17.36,18.1,17.21,17.97,17.02,0.95,5.5817,187686.89,334186.212
002810.SZ,20260204,18.29,19.77,18.03,19.77,17.97,1.8,10.0167,237874.21,453060.434
002810.SZ,20260205,19.19,19.68,18.88,18.92,19.77,-0.85,-4.2994,251366.1,483299.686
002810.SZ,20260206,18.92,20.28,18.92,19.6,18.92,0.68,3.5941,293201.26,575390.905
002810.SZ,20260209,19.79,19.92,19.05,19.5,19.6,-0.1,-0.5102,229066.69,444019.114
002810.SZ,20260210,19.11,19.15,18.63,18.83,19.5,-0.67,-3.4359,160186.69,301014.462
002810.SZ,20260211,18.7,20.34,18.62,19.91,18.83,1.08,5.7355,231454.92,455361.801
002810.SZ,20260212,19.57,20.35,19.56,20.0,19.91,0.09,0.452,155097.58,309801.93
002810.SZ,20260213,20.2,20.25,19.11,19.13,20.0,-0.87,-4.35,149907.9,291243.151
002810.SZ,20260224,19.51,20.14,19.39,19.83,19.13,0.7,3.6592,152456.49,301282.829
002810.SZ,20260225,19.6,20.26,19.4,19.68,19.83,-0.15,-0.7564,170026.52,336679.77
002810.SZ,20260226,19.59,19.63,18.77,19.09,19.68,-0.59,-2.998,173622.6,331083.007
002810.SZ,20260227,19.21,19.7,19.09,19.61,19.09,0.52,2.7239,130275.18,252821.115
002810.SZ,20260302,19.39,19.73,18.97,19.15,19.61,-0.46,-2.3457,105512.86,203711.655
002810.SZ,20260303,19.09,19.26,17.57,17.57,19.15,-1.58,-8.2507,184169.71,333222.389
002810.SZ,20260304,17.35,18.5,17.26,18.2,17.57,0.63,3.5857,153114.7,276440.884
002810.SZ,20260305,18.56,18.7,18.0,18.05,18.2,-0.15,-0.8242,79630.96,145135.513
002810.SZ,20260306,17.91,19.33,17.91,19.03,18.05,0.98,5.4294,149775.7,282272.147
002810.SZ,20260309,18.82,19.24,18.3,19.1,19.03,0.07,0.3678,102419.41,192044.437
002810.SZ,20260310,19.25,19.63,18.93,19.34,19.1,0.24,1.2565,88821.06,171795.438
002810.SZ,20260311,19.4,19.83,19.11,19.27,19.34,-0.07,-0.3619,88502.77,171738.112
002810.SZ,20260312,19.31,19.44,18.85,18.88,19.27,-0.39,-2.0239,69622.61,132224.808
002810.SZ,20260313,18.75,19.45,18.71,19.18,18.88,0.3,1.589,83614.38,160854.944
002810.SZ,20260316,19.08,19.48,18.35,18.8,19.18,-0.38,-1.9812,112730.35,212052.709
002810.SZ,20260317,18.8,19.04,18.3,18.47,18.8,-0.33,-1.7553,84011.73,156221.265
002810.SZ,20260318,18.5,19.23,18.2,19.0,18.47,0.53,2.8695,105609.8,198840.984
002810.SZ,20260319,18.9,19.58,18.55,19.4,19.0,0.4,2.1053,158419.87,305674.263
002810.SZ,20260320,19.56,21.33,19.56,20.41,19.4,1.01,5.2062,235887.19,488483.974
002810.SZ,20260323,20.02,20.85,19.86,20.31,20.41,-0.1,-0.49,181572.41,370550.953
002810.SZ,20260324,20.6,21.83,20.27,20.57,20.31,0.26,1.2802,183326.26,381032.877
002810.SZ,20260325,20.63,20.99,20.36,20.81,20.57,0.24,1.1667,141034.13,292795.718
002810.SZ,20260326,20.81,21.07,20.5,20.8,20.81,-0.01,-0.0481,123639.66,256854.942
002810.SZ,20260327,20.37,20.88,20.18,20.82,20.8,0.02,0.0962,116285.9,238485.731
002810.SZ,20260330,22.9,22.9,21.54,22.9,20.82,2.08,9.9904,267178.51,605754.94
002810.SZ,20260331,22.97,24.5,22.7,23.44,22.9,0.54,2.3581,424867.52,999283.695
002810.SZ,20260401,23.68,24.8,23.67,24.02,23.44,0.58,2.4744,269567.67,648624.699
002810.SZ,20260402,23.69,23.82,22.77,23.04,24.02,-0.98,-4.0799,238153.27,548964.852
002810.SZ,20260403,23.0,23.18,21.88,22.35,23.04,-0.69,-2.9948,193482.56,434954.895
002810.SZ,20260407,22.78,23.12,22.39,22.56,22.35,0.21,0.9396,120704.42,274134.528
002810.SZ,20260408,22.72,24.07,22.48,23.66,22.56,1.1,4.8759,192324.01,451937.597
002810.SZ,20260409,23.15,23.8,22.91,23.6,23.66,-0.06,-0.2536,116540.91,272694.06
002810.SZ,20260410,23.63,23.7,23.02,23.31,23.6,-0.29,-1.2288,101866.32,238213.607
002810.SZ,20260413,23.0,24.63,22.64,24.63,23.31,1.32,5.6628,218386.21,526066.963
002810.SZ,20260414,24.5,24.5,22.8,23.45,24.63,-1.18,-4.7909,200204.07,470454.218
002810.SZ,20260415,23.01,23.67,22.9,23.35,23.45,-0.1,-0.4264,90081.87,210210.572
002810.SZ,20260416,23.35,24.78,23.01,24.48,23.35,1.13,4.8394,151174.66,365357.36
002810.SZ,20260417,24.47,25.96,24.15,25.78,24.48,1.3,5.3105,200049.67,510567.527
002810.SZ,20260420,25.79,26.75,25.04,26.21,25.78,0.43,1.668,143565.21,373711.951
002810.SZ,20260421,26.49,28.5,26.38,26.68,26.21,0.47,1.7932,205626.54,560253.494
002810.SZ,20260422,26.47,26.9,26.3,26.54,26.68,-0.14,-0.5247,117497.84,311836.189
002810.SZ,20260423,26.27,26.98,25.63,26.28,26.54,-0.26,-0.9797,115916.49,307365.425
002810.SZ,20260424,26.27,28.91,26.2,28.91,26.28,2.63,10.0076,198261.3,556879.622
002810.SZ,20260427,28.69,29.18,28.15,28.23,28.91,-0.68,-2.3521,182222.69,517639.451
002810.SZ,20260428,28.46,28.65,27.2,27.45,28.23,-0.78,-2.763,139592.63,387609.104
002810.SZ,20260429,26.92,27.58,26.43,27.56,27.45,0.11,0.4007,136141.84,371114.613
002810.SZ,20260430,27.3,27.56,26.5,26.74,27.56,-0.82,-2.9753,139699.8,374975.773
