ts_code,trade_date,open,high,low,close,pre_close,change,pct_chg,vol,amount
300592.SZ,20240102,24.72,24.84,24.15,24.22,24.77,-0.55,-2.2204,39629.0,96891.628
300592.SZ,20240103,24.14,24.14,23.03,23.34,24.22,-0.88,-3.6334,53062.0,124248.333
300592.SZ,20240104,23.22,23.44,22.83,23.34,23.34,0.0,0.0,26215.01,60857.46
300592.SZ,20240105,23.34,23.59,22.6,22.77,23.34,-0.57,-2.4422,27545.0,63451.717
300592.SZ,20240108,22.69,22.88,22.36,22.43,22.77,-0.34,-1.4932,21629.69,48911.356
300592.SZ,20240109,22.48,22.86,22.22,22.52,22.43,0.09,0.4012,23219.69,52481.814
300592.SZ,20240110,22.53,22.88,22.05,22.37,22.52,-0.15,-0.6661,22649.0,50964.188
300592.SZ,20240111,22.25,22.92,22.25,22.84,22.37,0.47,2.101,27425.01,62270.246
300592.SZ,20240112,22.78,23.1,22.64,22.68,22.84,-0.16,-0.7005,29568.0,67462.03
300592.SZ,20240115,22.46,22.98,22.33,22.86,22.68,0.18,0.7937,18955.0,43194.638
300592.SZ,20240116,22.9,23.43,22.6,22.95,22.86,0.09,0.3937,48651.0,111773.572
300592.SZ,20240117,22.99,23.66,22.71,23.1,22.95,0.15,0.6536,52442.0,122052.66
300592.SZ,20240118,22.9,23.59,22.48,23.47,23.1,0.37,1.6017,51643.42,119080.537
300592.SZ,20240119,23.36,24.4,23.0,23.48,23.47,0.01,0.0426,62574.26,148946.875
300592.SZ,20240122,21.9,22.86,20.6,21.27,23.48,-2.21,-9.4123,65719.0,144838.703
300592.SZ,20240123,21.33,21.85,20.8,21.61,21.27,0.34,1.5985,37917.0,81037.206
300592.SZ,20240124,21.6,23.07,21.2,21.9,21.61,0.29,1.342,53229.0,117392.502
300592.SZ,20240125,21.71,21.84,20.66,21.45,21.9,-0.45,-2.0548,63118.0,134071.18
300592.SZ,20240126,21.33,21.33,19.52,19.69,21.45,-1.76,-8.2051,117322.77,236748.055
300592.SZ,20240129,19.55,19.81,18.55,18.83,19.69,-0.86,-4.3677,73362.06,139593.858
300592.SZ,20240130,18.93,18.96,18.22,18.33,18.83,-0.5,-2.6553,46360.0,86142.375
300592.SZ,20240131,18.29,18.49,17.58,17.7,18.33,-0.63,-3.437,58170.0,104178.977
300592.SZ,20240201,17.66,18.16,17.17,17.59,17.7,-0.11,-0.6215,46868.77,82605.454
300592.SZ,20240202,17.56,17.9,15.93,16.7,17.59,-0.89,-5.0597,52787.0,88996.21
300592.SZ,20240205,16.59,16.59,14.67,15.42,16.7,-1.28,-7.6647,75711.99,117212.311
300592.SZ,20240206,15.36,17.47,14.81,17.02,15.42,1.6,10.3761,81703.99,132605.847
300592.SZ,20240207,17.1,18.14,16.92,17.61,17.02,0.59,3.4665,74574.0,131419.45
300592.SZ,20240208,17.59,19.58,17.2,18.93,17.61,1.32,7.4957,68112.0,124380.137
300592.SZ,20240219,19.31,19.86,18.74,19.31,18.93,0.38,2.0074,58499.52,113105.115
300592.SZ,20240220,18.88,19.08,18.58,18.94,19.31,-0.37,-1.9161,31651.04,59644.001
300592.SZ,20240221,18.94,19.95,18.85,19.5,18.94,0.56,2.9567,51034.24,99812.283
300592.SZ,20240222,19.17,19.84,19.17,19.63,19.5,0.13,0.6667,45513.24,88776.472
300592.SZ,20240223,19.7,19.84,19.34,19.83,19.63,0.2,1.0188,44174.0,86693.015
300592.SZ,20240226,19.83,20.18,19.37,19.71,19.83,-0.12,-0.6051,47446.0,93388.61
300592.SZ,20240227,19.55,20.45,19.43,20.41,19.71,0.7,3.5515,51655.47,103539.136
300592.SZ,20240228,20.45,20.97,18.76,18.84,20.41,-1.57,-7.6923,69604.27,137799.992
300592.SZ,20240229,18.52,19.7,18.5,19.66,18.84,0.82,4.3524,51810.0,100264.168
300592.SZ,20240301,19.66,20.45,19.47,20.43,19.66,0.77,3.9166,43121.0,85921.045
300592.SZ,20240304,20.56,20.6,19.12,19.98,20.43,-0.45,-2.2026,59125.0,116641.616
300592.SZ,20240305,19.64,19.72,19.04,19.17,19.98,-0.81,-4.0541,49846.0,96187.73
300592.SZ,20240306,18.98,19.48,18.93,19.2,19.17,0.03,0.1565,44650.0,85430.095
300592.SZ,20240307,19.24,19.63,18.64,18.7,19.2,-0.5,-2.6042,42718.0,81319.832
300592.SZ,20240308,18.72,19.36,18.7,19.36,18.7,0.66,3.5294,51779.0,98759.104
300592.SZ,20240311,19.62,20.16,19.36,20.16,19.36,0.8,4.1322,63124.1,125490.415
300592.SZ,20240312,20.17,20.26,19.72,20.18,20.16,0.02,0.0992,44764.0,89647.514
300592.SZ,20240313,20.2,20.96,19.9,20.8,20.18,0.62,3.0723,64637.99,133100.156
300592.SZ,20240314,20.71,21.28,20.34,20.8,20.8,0.0,0.0,56392.0,117325.701
300592.SZ,20240315,20.8,20.88,20.36,20.81,20.8,0.01,0.0481,35186.0,72609.512
300592.SZ,20240318,20.87,21.35,20.67,21.32,20.81,0.51,2.4507,39409.0,82902.346
300592.SZ,20240319,21.23,21.39,20.81,20.91,21.32,-0.41,-1.9231,48702.0,102792.016
300592.SZ,20240320,20.87,21.16,20.71,21.11,20.91,0.2,0.9565,39947.99,83699.671
300592.SZ,20240321,21.33,21.44,20.7,20.84,21.11,-0.27,-1.279,45827.0,96252.541
300592.SZ,20240322,20.8,20.93,20.08,20.62,20.84,-0.22,-1.0557,47625.47,97488.024
300592.SZ,20240325,20.5,20.56,19.81,19.81,20.62,-0.81,-3.9282,61293.84,123179.933
300592.SZ,20240326,19.74,19.89,18.81,19.1,19.81,-0.71,-3.584,52472.16,100866.265
300592.SZ,20240327,19.07,19.24,18.08,18.25,19.1,-0.85,-4.4503,51243.37,94908.654
300592.SZ,20240328,18.26,19.13,18.26,18.9,18.25,0.65,3.5616,55435.31,104110.517
300592.SZ,20240329,18.82,19.38,18.6,19.3,18.9,0.4,2.1164,30185.5,57238.505
300592.SZ,20240401,19.54,20.68,19.5,20.28,19.3,0.98,5.0777,57092.0,115381.954
300592.SZ,20240402,20.26,20.36,19.82,20.05,20.28,-0.23,-1.1341,29528.91,59212.122
300592.SZ,20240403,20.23,20.29,19.3,19.36,20.05,-0.69,-3.4414,40892.07,80546.431
300592.SZ,20240408,19.3,19.7,18.4,18.5,19.36,-0.86,-4.4421,38053.06,71428.59
300592.SZ,20240409,18.64,19.0,18.49,18.7,18.5,0.2,1.0811,33238.0,62151.842
300592.SZ,20240410,18.67,18.86,17.86,17.92,18.7,-0.78,-4.1711,43954.0,79815.859
300592.SZ,20240411,17.92,18.09,17.69,17.76,17.92,-0.16,-0.8929,44858.0,80124.566
300592.SZ,20240412,17.68,18.17,17.68,17.92,17.76,0.16,0.9009,40244.0,72375.145
300592.SZ,20240415,18.0,18.08,16.77,17.06,17.92,-0.86,-4.7991,57757.0,99902.788
300592.SZ,20240416,16.99,17.19,16.11,16.14,17.06,-0.92,-5.3927,45509.0,74916.78
300592.SZ,20240417,16.5,17.62,16.5,17.51,16.14,1.37,8.4882,58427.87,100520.747
300592.SZ,20240418,17.39,17.58,16.89,17.41,17.51,-0.1,-0.5711,62971.15,108765.156
300592.SZ,20240419,18.03,18.41,17.35,17.45,17.41,0.04,0.2298,120125.0,213693.018
300592.SZ,20240422,16.82,17.65,16.61,17.5,17.45,0.05,0.2865,76864.0,132344.42
300592.SZ,20240423,17.64,18.1,17.62,17.87,17.5,0.37,2.1143,57195.0,102210.947
300592.SZ,20240424,17.83,18.49,17.8,18.49,17.87,0.62,3.4695,60945.0,110279.938
300592.SZ,20240425,17.92,18.02,16.83,17.6,18.49,-0.89,-4.8134,83160.17,146966.429
300592.SZ,20240426,17.61,18.32,17.55,18.3,17.6,0.7,3.9773,81931.88,148173.329
300592.SZ,20240429,18.29,18.78,18.22,18.65,18.3,0.35,1.9126,70890.0,131839.929
300592.SZ,20240430,18.65,18.94,18.41,18.77,18.65,0.12,0.6434,56877.22,106058.259
300592.SZ,20240506,19.0,19.11,18.62,18.7,18.77,-0.07,-0.3729,64903.0,122037.164
300592.SZ,20240507,18.76,19.21,18.76,18.93,18.7,0.23,1.2299,64315.24,122058.662
300592.SZ,20240508,18.85,18.89,18.46,18.51,18.93,-0.42,-2.2187,45369.0,84518.288
300592.SZ,20240509,18.5,19.08,18.5,19.02,18.51,0.51,2.7553,49660.24,93628.139
300592.SZ,20240510,19.0,19.05,18.58,18.7,19.02,-0.32,-1.6824,42740.0,79901.803
300592.SZ,20240513,18.51,18.74,18.1,18.34,18.7,-0.36,-1.9251,39144.0,72337.704
300592.SZ,20240514,18.74,19.75,18.74,19.43,18.34,1.09,5.9433,103704.97,199477.568
300592.SZ,20240515,19.42,19.64,18.93,19.0,19.43,-0.43,-2.2131,56606.24,108792.06
300592.SZ,20240516,19.17,20.08,18.93,19.98,19.0,0.98,5.1579,95995.0,189242.202
300592.SZ,20240517,19.88,19.88,19.28,19.67,19.98,-0.31,-1.5516,87284.87,170461.012
300592.SZ,20240520,19.54,19.9,19.21,19.52,19.67,-0.15,-0.7626,69704.99,136207.06
300592.SZ,20240521,13.63,14.33,13.62,13.93,13.66,0.27,1.9766,138310.8,194338.219
300592.SZ,20240522,14.19,14.66,13.93,14.03,13.93,0.1,0.7179,157541.26,224394.89
300592.SZ,20240523,13.81,14.01,13.46,13.66,14.03,-0.37,-2.6372,111716.06,153189.044
300592.SZ,20240524,13.65,13.91,13.51,13.72,13.66,0.06,0.4392,64489.66,88175.614
300592.SZ,20240527,14.58,15.47,14.19,14.27,13.72,0.55,4.0087,237615.87,349217.241
300592.SZ,20240528,14.06,14.34,13.47,13.53,14.27,-0.74,-5.1857,177843.0,245935.565
300592.SZ,20240529,13.35,13.77,13.1,13.52,13.53,-0.01,-0.0739,125979.26,168626.557
300592.SZ,20240530,13.38,13.39,12.98,13.01,13.52,-0.51,-3.7722,81570.42,107153.389
300592.SZ,20240531,13.01,13.55,13.01,13.3,13.01,0.29,2.2291,74494.66,99553.256
300592.SZ,20240603,13.4,13.4,12.99,13.22,13.3,-0.08,-0.6015,66862.46,87825.271
300592.SZ,20240604,12.8,13.11,12.58,12.97,13.22,-0.25,-1.8911,73343.4,94651.011
300592.SZ,20240605,13.0,13.03,12.53,12.56,12.97,-0.41,-3.1611,42523.8,54220.077
300592.SZ,20240606,12.65,12.87,12.18,12.38,12.56,-0.18,-1.4331,53436.8,66445.579
300592.SZ,20240607,12.5,12.96,12.49,12.75,12.38,0.37,2.9887,46408.0,58995.165
300592.SZ,20240611,12.75,12.98,12.46,12.92,12.75,0.17,1.3333,35414.6,45200.521
300592.SZ,20240612,13.28,13.44,13.13,13.19,12.92,0.27,2.0898,54478.66,72220.325
300592.SZ,20240613,12.98,13.32,12.98,13.18,13.19,-0.01,-0.0758,45807.66,60237.214
300592.SZ,20240614,13.08,13.16,12.87,13.06,13.18,-0.12,-0.9105,31796.2,41335.199
300592.SZ,20240617,13.0,13.0,12.7,12.76,13.06,-0.3,-2.2971,33825.8,43378.504
300592.SZ,20240618,12.7,12.79,12.36,12.5,12.76,-0.26,-2.0376,46323.6,58159.662
300592.SZ,20240619,12.49,12.56,12.0,12.07,12.5,-0.43,-3.44,41517.4,50700.631
300592.SZ,20240620,12.1,12.39,11.91,12.15,12.07,0.08,0.6628,40772.6,49844.612
300592.SZ,20240621,12.08,12.47,12.0,12.11,12.15,-0.04,-0.3292,35738.0,43794.249
300592.SZ,20240624,12.05,12.22,11.56,11.58,12.11,-0.53,-4.3765,34845.2,40898.783
300592.SZ,20240625,11.6,11.85,11.51,11.7,11.58,0.12,1.0363,32052.8,37377.705
300592.SZ,20240626,11.61,12.17,11.61,12.15,11.7,0.45,3.8462,40644.8,48554.707
300592.SZ,20240627,12.16,12.19,11.63,11.69,12.15,-0.46,-3.786,36393.2,43419.112
300592.SZ,20240628,11.68,11.82,11.39,11.43,11.69,-0.26,-2.2241,41647.4,48446.023
300592.SZ,20240701,11.36,11.58,11.12,11.47,11.43,0.04,0.35,39123.4,44301.463
300592.SZ,20240702,11.43,11.51,10.98,11.11,11.47,-0.36,-3.1386,58003.8,65008.704
300592.SZ,20240703,11.12,11.13,10.5,10.6,11.11,-0.51,-4.5905,75648.16,81221.522
300592.SZ,20240704,10.62,10.67,10.08,10.08,10.6,-0.52,-4.9057,66289.4,67935.928
300592.SZ,20240705,10.23,10.65,10.05,10.48,10.08,0.4,3.9683,72654.8,74906.793
300592.SZ,20240708,10.48,10.55,10.07,10.16,10.48,-0.32,-3.0534,53349.8,54666.887
300592.SZ,20240709,10.24,10.35,9.9,10.32,10.16,0.16,1.5748,62190.2,62927.473
300592.SZ,20240710,10.25,10.46,10.14,10.25,10.32,-0.07,-0.6783,37292.2,38522.814
300592.SZ,20240711,10.41,10.81,10.41,10.59,10.25,0.34,3.3171,61883.8,65499.344
300592.SZ,20240712,10.58,10.75,10.37,10.4,10.59,-0.19,-1.7941,41610.2,43767.542
300592.SZ,20240715,10.4,10.45,10.18,10.21,10.4,-0.19,-1.8269,31440.2,32218.021
300592.SZ,20240716,10.22,10.29,10.04,10.17,10.21,-0.04,-0.3918,28820.2,29247.764
300592.SZ,20240717,10.1,10.22,9.99,10.07,10.17,-0.1,-0.9833,29608.2,29874.131
300592.SZ,20240718,10.03,10.11,9.78,10.0,10.07,-0.07,-0.6951,40770.8,40344.126
300592.SZ,20240719,9.96,10.16,9.96,10.1,10.0,0.1,1.0,34566.6,34834.132
300592.SZ,20240722,10.11,10.25,10.06,10.2,10.1,0.1,0.9901,31851.6,32425.454
300592.SZ,20240723,10.16,10.55,10.02,10.54,10.2,0.34,3.3333,72178.91,74353.269
300592.SZ,20240724,10.48,10.48,9.87,9.91,10.54,-0.63,-5.9772,84625.76,85077.898
300592.SZ,20240725,9.83,10.03,9.73,9.91,9.91,0.0,0.0,43375.8,42921.672
300592.SZ,20240726,9.9,10.19,9.9,10.14,9.91,0.23,2.3209,43321.76,43672.896
300592.SZ,20240729,10.15,10.18,9.98,10.04,10.14,-0.1,-0.9862,36923.64,37230.736
300592.SZ,20240730,10.03,10.39,10.03,10.33,10.04,0.29,2.8884,52381.41,53618.729
300592.SZ,20240731,10.46,11.02,10.37,10.94,10.33,0.61,5.9051,79597.59,85770.154
300592.SZ,20240801,10.98,11.15,10.78,10.82,10.94,-0.12,-1.0969,57741.51,62992.864
300592.SZ,20240802,10.82,10.98,10.69,10.87,10.82,0.05,0.4621,52508.6,57011.982
300592.SZ,20240805,10.87,11.11,10.59,10.64,10.87,-0.23,-2.1159,70670.66,76821.557
300592.SZ,20240806,10.81,11.04,10.71,10.96,10.64,0.32,3.0075,48104.8,52420.467
300592.SZ,20240807,10.96,11.01,10.74,10.94,10.96,-0.02,-0.1825,37234.0,40546.141
300592.SZ,20240808,10.93,10.95,10.67,10.83,10.94,-0.11,-1.0055,42261.88,45694.245
300592.SZ,20240809,10.93,11.01,10.83,10.95,10.83,0.12,1.108,35713.2,39052.358
300592.SZ,20240812,10.95,11.28,10.85,11.13,10.95,0.18,1.6438,62619.46,69350.097
300592.SZ,20240813,11.14,11.27,10.85,10.95,11.13,-0.18,-1.6173,44764.8,49116.725
300592.SZ,20240814,11.0,11.12,10.86,10.92,10.95,-0.03,-0.274,30863.8,33933.583
300592.SZ,20240815,10.88,11.05,10.71,10.87,10.92,-0.05,-0.4579,38215.8,41595.744
300592.SZ,20240816,10.94,11.02,10.79,10.95,10.87,0.08,0.736,33306.4,36421.549
300592.SZ,20240819,10.96,11.28,10.96,11.25,10.95,0.3,2.7397,47534.0,52970.379
300592.SZ,20240820,11.2,11.44,10.99,11.02,11.25,-0.23,-2.0444,54581.4,61004.617
300592.SZ,20240821,10.92,11.0,10.64,10.74,11.02,-0.28,-2.5408,48735.04,52555.663
300592.SZ,20240822,10.74,10.88,10.4,10.46,10.74,-0.28,-2.6071,51414.8,54286.271
300592.SZ,20240823,10.45,10.5,10.2,10.3,10.46,-0.16,-1.5296,50023.8,51736.485
300592.SZ,20240826,9.96,10.53,9.27,10.47,10.3,0.17,1.6505,92233.62,93416.134
300592.SZ,20240827,10.47,11.34,10.37,11.12,10.47,0.65,6.2082,109413.29,119681.113
300592.SZ,20240828,11.12,11.24,10.75,11.14,11.12,0.02,0.1799,55565.75,61247.386
300592.SZ,20240829,11.06,11.48,10.99,11.32,11.14,0.18,1.6158,48160.6,54286.897
300592.SZ,20240830,11.35,11.57,11.12,11.5,11.32,0.18,1.5901,69935.4,79743.742
300592.SZ,20240902,11.48,11.52,11.28,11.32,11.5,-0.18,-1.5652,37257.4,42305.959
300592.SZ,20240903,11.38,12.25,11.3,12.04,11.32,0.72,6.3604,140223.94,167037.903
300592.SZ,20240904,11.8,11.95,11.6,11.75,12.04,-0.29,-2.4086,67147.6,79123.613
300592.SZ,20240905,11.8,12.0,11.64,11.75,11.75,0.0,0.0,57255.13,67589.773
300592.SZ,20240906,11.62,11.81,11.38,11.43,11.75,-0.32,-2.7234,42005.73,48507.131
300592.SZ,20240909,11.49,11.54,11.22,11.33,11.43,-0.1,-0.8749,26271.08,29720.035
300592.SZ,20240910,11.28,11.93,11.23,11.85,11.33,0.52,4.5896,75440.26,88305.007
300592.SZ,20240911,11.74,11.83,11.52,11.59,11.85,-0.26,-2.1941,37736.2,43846.905
300592.SZ,20240912,11.61,11.72,11.44,11.53,11.59,-0.06,-0.5177,28082.6,32470.12
300592.SZ,20240913,11.55,11.55,10.9,10.94,11.53,-0.59,-5.1171,61266.0,68462.018
300592.SZ,20240918,10.88,10.91,10.37,10.53,10.94,-0.41,-3.7477,52397.92,55389.766
300592.SZ,20240919,10.66,10.75,10.44,10.63,10.53,0.1,0.9497,42212.74,44789.538
300592.SZ,20240920,10.62,10.66,10.4,10.52,10.63,-0.11,-1.0348,26012.27,27333.437
300592.SZ,20240923,10.51,10.99,10.44,10.76,10.52,0.24,2.2814,49099.27,52600.253
300592.SZ,20240924,10.81,11.32,10.61,11.31,10.76,0.55,5.1115,69192.11,76201.415
300592.SZ,20240925,11.31,11.7,11.24,11.49,11.31,0.18,1.5915,67352.85,77376.268
300592.SZ,20240926,11.41,11.6,11.16,11.6,11.49,0.11,0.9574,79100.73,90261.182
300592.SZ,20240927,11.61,12.46,11.61,12.28,11.6,0.68,5.8621,85508.41,103052.214
300592.SZ,20240930,13.01,14.2,12.6,13.96,12.28,1.68,13.6808,185448.86,248460.15
300592.SZ,20241008,16.0,16.31,14.11,15.69,13.96,1.73,12.3926,222286.23,339149.782
300592.SZ,20241009,14.53,14.8,13.3,13.37,15.69,-2.32,-14.7865,148373.59,208477.707
300592.SZ,20241010,13.44,14.0,13.01,13.21,13.37,-0.16,-1.1967,88128.01,118780.064
300592.SZ,20241011,13.1,13.1,12.35,12.58,13.21,-0.63,-4.7691,70158.41,88771.515
300592.SZ,20241014,12.65,12.94,12.27,12.9,12.58,0.32,2.5437,58987.38,74741.272
300592.SZ,20241015,12.81,13.69,12.77,12.94,12.9,0.04,0.3101,132892.57,175841.757
300592.SZ,20241016,12.63,12.86,12.38,12.54,12.94,-0.4,-3.0912,96026.11,120822.415
300592.SZ,20241017,12.62,12.87,12.45,12.47,12.54,-0.07,-0.5582,76624.51,97137.938
300592.SZ,20241018,12.37,13.18,12.34,12.89,12.47,0.42,3.3681,110144.16,140713.38
300592.SZ,20241021,12.89,13.23,12.83,13.01,12.89,0.12,0.931,113408.22,147867.019
300592.SZ,20241022,12.95,13.41,12.86,13.29,13.01,0.28,2.1522,134690.94,177111.62
300592.SZ,20241023,13.3,13.3,12.75,13.02,13.29,-0.27,-2.0316,187742.81,243936.749
300592.SZ,20241024,12.83,12.95,12.7,12.74,13.02,-0.28,-2.1505,82854.19,106027.343
300592.SZ,20241025,12.79,13.08,12.7,12.95,12.74,0.21,1.6484,112491.21,145495.372
300592.SZ,20241028,12.86,13.19,12.61,13.16,12.95,0.21,1.6216,148760.76,193155.802
300592.SZ,20241029,13.2,13.38,12.65,12.67,13.16,-0.49,-3.7234,140186.79,182199.221
300592.SZ,20241030,12.46,12.62,11.95,12.22,12.67,-0.45,-3.5517,148102.41,180996.301
300592.SZ,20241031,12.22,12.26,11.97,12.05,12.22,-0.17,-1.3912,105514.0,127632.051
300592.SZ,20241101,12.05,12.17,11.57,11.75,12.05,-0.3,-2.4896,90624.8,107234.107
300592.SZ,20241104,11.86,12.29,11.77,12.26,11.75,0.51,4.3404,84461.8,102618.444
300592.SZ,20241105,12.31,12.49,12.16,12.45,12.26,0.19,1.5498,104775.87,129549.014
300592.SZ,20241106,12.39,12.53,12.2,12.29,12.45,-0.16,-1.2851,118218.08,146088.049
300592.SZ,20241107,12.15,13.14,12.06,13.13,12.29,0.84,6.8348,225135.83,288594.827
300592.SZ,20241108,13.13,13.29,12.76,12.82,13.13,-0.31,-2.361,162929.7,210922.473
300592.SZ,20241111,12.83,13.19,12.75,13.19,12.82,0.37,2.8861,147511.67,191779.674
300592.SZ,20241112,13.22,13.43,12.9,13.06,13.19,-0.13,-0.9856,159537.5,209899.302
300592.SZ,20241113,13.09,13.66,13.02,13.51,13.06,0.45,3.4456,254498.85,341851.988
300592.SZ,20241114,13.36,13.94,13.21,13.57,13.51,0.06,0.4441,282007.87,384903.212
300592.SZ,20241115,13.5,14.78,13.4,14.26,13.57,0.69,5.0847,446707.55,634520.42
300592.SZ,20241118,14.0,14.05,12.46,13.08,14.26,-1.18,-8.2749,274529.33,363159.34
300592.SZ,20241119,12.82,13.55,12.52,13.53,13.08,0.45,3.4404,173869.1,229689.48
300592.SZ,20241120,13.45,14.18,13.35,14.11,13.53,0.58,4.2868,264998.74,367190.77
300592.SZ,20241121,14.01,15.0,14.0,14.23,14.11,0.12,0.8505,408133.34,593557.834
300592.SZ,20241122,14.34,15.05,13.92,14.43,14.23,0.2,1.4055,471234.85,688248.015
300592.SZ,20241125,14.91,16.02,14.51,16.02,14.43,1.59,11.0187,561162.58,858873.819
300592.SZ,20241126,15.88,16.26,14.65,14.67,16.02,-1.35,-8.427,410598.5,631351.01
300592.SZ,20241127,14.27,15.68,13.9,15.33,14.67,0.66,4.499,299999.27,443538.98
300592.SZ,20241128,15.39,16.73,15.06,15.91,15.33,0.58,3.7834,402962.8,646351.561
300592.SZ,20241129,16.0,17.77,15.76,16.59,15.91,0.68,4.274,482613.84,817347.298
300592.SZ,20241202,16.64,16.98,15.9,16.4,16.59,-0.19,-1.1453,421270.97,684086.321
300592.SZ,20241203,16.17,16.17,15.2,15.64,16.4,-0.76,-4.6341,307954.41,482333.801
300592.SZ,20241204,15.33,15.68,14.6,14.96,15.64,-0.68,-4.3478,286544.87,431031.846
300592.SZ,20241205,14.76,16.21,14.7,16.11,14.96,1.15,7.6872,350265.39,545710.116
300592.SZ,20241206,16.04,16.19,15.71,15.78,16.11,-0.33,-2.0484,194850.8,309978.068
300592.SZ,20241209,15.78,16.06,15.16,15.31,15.78,-0.47,-2.9785,198046.13,308805.108
300592.SZ,20241210,15.69,16.8,15.62,16.24,15.31,0.93,6.0745,357792.13,581738.189
300592.SZ,20241211,15.92,16.0,15.48,15.93,16.24,-0.31,-1.9089,277274.15,434971.309
300592.SZ,20241212,15.79,16.2,15.28,16.0,15.93,0.07,0.4394,203758.58,320362.245
300592.SZ,20241213,15.69,17.56,15.62,16.83,16.0,0.83,5.1875,432979.36,731375.882
300592.SZ,20241216,16.86,16.98,15.81,15.98,16.83,-0.85,-5.0505,295434.9,483064.811
300592.SZ,20241217,16.0,16.13,15.18,15.46,15.98,-0.52,-3.2541,188378.25,294120.802
300592.SZ,20241218,15.4,16.01,14.76,15.39,15.46,-0.07,-0.4528,209769.05,322101.69
300592.SZ,20241219,15.03,15.63,14.79,15.43,15.39,0.04,0.2599,149348.8,226231.188
300592.SZ,20241220,15.34,16.49,15.31,15.96,15.43,0.53,3.4349,210216.12,338478.204
300592.SZ,20241223,15.88,16.0,14.46,14.58,15.96,-1.38,-8.6466,214779.8,321744.275
300592.SZ,20241224,14.8,15.1,14.5,14.81,14.58,0.23,1.5775,123670.6,182602.218
300592.SZ,20241225,14.7,14.71,14.05,14.33,14.81,-0.48,-3.2411,98366.8,141037.263
300592.SZ,20241226,14.33,15.14,14.24,14.95,14.33,0.62,4.3266,126539.3,188087.824
300592.SZ,20241227,14.81,14.9,14.48,14.58,14.95,-0.37,-2.4749,92793.53,136134.345
300592.SZ,20241230,14.6,15.87,14.36,14.98,14.58,0.4,2.7435,205991.66,314013.594
300592.SZ,20241231,14.8,14.95,14.27,14.28,14.98,-0.7,-4.6729,112851.33,164448.026
300592.SZ,20250102,14.28,14.77,13.89,14.06,14.28,-0.22,-1.5406,128674.6,185072.535
300592.SZ,20250103,14.07,14.18,12.95,12.96,14.06,-1.1,-7.8236,170180.33,227199.033
300592.SZ,20250106,13.02,13.05,12.38,12.52,12.96,-0.44,-3.3951,92277.92,116898.156
300592.SZ,20250107,12.57,13.07,12.45,12.94,12.52,0.42,3.3546,91751.55,116977.03
300592.SZ,20250108,12.89,13.17,12.49,13.11,12.94,0.17,1.3138,90545.22,116799.85
300592.SZ,20250109,12.94,13.5,12.88,13.07,13.11,-0.04,-0.3051,84024.2,111078.839
300592.SZ,20250110,13.05,13.19,12.47,12.51,13.07,-0.56,-4.2846,71233.6,91236.511
300592.SZ,20250113,12.48,12.63,12.25,12.38,12.51,-0.13,-1.0392,60549.4,75252.012
300592.SZ,20250114,12.56,13.46,12.5,13.44,12.38,1.06,8.5622,125519.3,163796.732
300592.SZ,20250115,13.5,13.98,13.31,13.48,13.44,0.04,0.2976,156849.99,213124.007
300592.SZ,20250116,13.62,14.14,13.25,13.55,13.48,0.07,0.5193,148553.31,202893.503
300592.SZ,20250117,13.62,13.75,13.3,13.35,13.55,-0.2,-1.476,98899.2,133367.719
300592.SZ,20250120,13.5,13.86,13.14,13.7,13.35,0.35,2.6217,159293.61,215517.895
300592.SZ,20250121,13.7,13.8,13.4,13.57,13.7,-0.13,-0.9489,91884.4,124662.028
300592.SZ,20250122,13.49,13.5,13.02,13.17,13.57,-0.4,-2.9477,106312.2,140726.684
300592.SZ,20250123,13.4,13.82,13.22,13.32,13.17,0.15,1.139,130507.2,177055.974
300592.SZ,20250124,13.26,14.57,13.17,14.44,13.32,1.12,8.4084,202398.01,284351.555
300592.SZ,20250127,15.12,15.37,14.14,14.2,14.44,-0.24,-1.662,108346.19,156800.553
300592.SZ,20250205,14.29,14.34,13.75,14.0,14.2,-0.2,-1.4085,135502.0,189839.547
300592.SZ,20250206,13.86,14.19,13.6,14.14,14.0,0.14,1.0,153270.77,214873.553
300592.SZ,20250207,14.14,14.39,13.86,14.08,14.14,-0.06,-0.4243,166565.84,235846.299
300592.SZ,20250210,14.12,14.26,13.98,14.21,14.08,0.13,0.9233,128097.1,180936.454
300592.SZ,20250211,14.14,14.2,13.82,14.1,14.21,-0.11,-0.7741,131680.4,184136.289
300592.SZ,20250212,13.99,14.42,13.88,14.14,14.1,0.04,0.2837,129492.05,182464.756
300592.SZ,20250213,14.35,14.65,13.9,13.92,14.14,-0.22,-1.5559,142825.76,202976.28
300592.SZ,20250214,13.9,14.0,13.64,13.85,13.92,-0.07,-0.5029,115883.4,159965.044
300592.SZ,20250217,13.85,14.07,13.58,13.81,13.85,-0.04,-0.2888,116434.4,160893.079
300592.SZ,20250218,13.7,13.75,12.92,12.93,13.81,-0.88,-6.3722,146065.14,194275.198
300592.SZ,20250219,12.99,13.3,12.93,13.05,12.93,0.12,0.9281,125611.86,164013.509
300592.SZ,20250220,12.98,13.12,12.82,12.9,13.05,-0.15,-1.1494,143735.06,186079.812
300592.SZ,20250221,12.9,12.97,12.5,12.77,12.9,-0.13,-1.0078,170224.91,216736.454
300592.SZ,20250224,12.87,12.89,12.57,12.78,12.77,0.01,0.0783,120314.76,152594.474
300592.SZ,20250225,12.65,12.93,12.5,12.72,12.78,-0.06,-0.4695,106809.07,136151.875
300592.SZ,20250226,12.8,12.95,12.71,12.84,12.72,0.12,0.9434,98450.21,126393.487
300592.SZ,20250227,12.84,13.0,12.52,12.69,12.84,-0.15,-1.1682,98370.8,125498.644
300592.SZ,20250228,12.66,13.14,12.4,12.45,12.69,-0.24,-1.8913,171814.65,218123.067
300592.SZ,20250303,12.47,12.64,12.27,12.4,12.45,-0.05,-0.4016,88787.6,110650.56
300592.SZ,20250304,12.3,12.47,12.27,12.46,12.4,0.06,0.4839,54522.06,67626.208
300592.SZ,20250305,12.45,12.55,12.26,12.54,12.46,0.08,0.6421,74179.46,91849.177
300592.SZ,20250306,12.56,13.4,12.56,13.17,12.54,0.63,5.0239,208131.17,270960.995
300592.SZ,20250307,13.16,13.36,12.95,13.13,13.17,-0.04,-0.3037,129642.19,170901.023
300592.SZ,20250310,13.02,13.09,12.83,12.89,13.13,-0.24,-1.8279,83219.8,107582.88
300592.SZ,20250311,12.79,12.95,12.66,12.89,12.89,0.0,0.0,64474.19,82462.071
300592.SZ,20250312,12.97,13.02,12.82,12.84,12.89,-0.05,-0.3879,75068.32,97036.663
300592.SZ,20250313,12.85,12.99,12.5,12.67,12.84,-0.17,-1.324,76387.2,96777.365
300592.SZ,20250314,12.66,12.99,12.57,12.95,12.67,0.28,2.2099,66589.6,85412.583
300592.SZ,20250317,12.98,13.44,12.85,13.15,12.95,0.2,1.5444,148485.09,195149.944
300592.SZ,20250318,13.1,13.27,13.08,13.15,13.15,0.0,0.0,76337.69,100448.614
300592.SZ,20250319,13.09,13.14,12.89,12.95,13.15,-0.2,-1.5209,54930.0,71466.658
300592.SZ,20250320,12.95,13.0,12.73,12.76,12.95,-0.19,-1.4672,59228.0,76219.646
300592.SZ,20250321,12.74,12.8,12.53,12.58,12.76,-0.18,-1.4107,56042.0,70762.8
300592.SZ,20250324,12.53,12.86,12.31,12.63,12.58,0.05,0.3975,75293.4,94747.903
300592.SZ,20250325,12.61,12.65,12.41,12.55,12.63,-0.08,-0.6334,39917.04,50006.578
300592.SZ,20250326,12.55,12.73,12.48,12.66,12.55,0.11,0.8765,34880.4,44059.662
300592.SZ,20250327,12.61,12.91,12.54,12.79,12.66,0.13,1.0269,66598.6,85013.903
300592.SZ,20250328,12.82,12.88,12.56,12.58,12.79,-0.21,-1.6419,51112.8,64812.4
300592.SZ,20250331,12.44,12.54,11.98,12.21,12.58,-0.37,-2.9412,80310.5,98241.966
300592.SZ,20250401,12.22,12.6,12.22,12.4,12.21,0.19,1.5561,54984.0,68379.703
300592.SZ,20250402,12.4,12.55,12.3,12.33,12.4,-0.07,-0.5645,31312.0,38816.128
300592.SZ,20250403,12.2,12.39,12.07,12.21,12.33,-0.12,-0.9732,37991.3,46461.074
300592.SZ,20250407,11.36,11.37,9.77,9.77,12.21,-2.44,-19.9836,113275.92,116958.817
300592.SZ,20250408,9.8,10.44,9.8,10.16,9.77,0.39,3.9918,106108.51,107071.901
300592.SZ,20250409,10.0,10.66,9.39,10.6,10.16,0.44,4.3307,100300.36,102319.332
300592.SZ,20250410,10.96,11.97,10.8,11.82,10.6,1.22,11.5094,180509.72,206071.979
300592.SZ,20250411,11.7,12.14,11.5,11.52,11.82,-0.3,-2.5381,129575.36,152159.479
300592.SZ,20250414,11.8,12.42,11.58,11.99,11.52,0.47,4.0799,148216.33,179261.847
300592.SZ,20250415,12.02,12.9,11.6,12.7,11.99,0.71,5.9216,268581.03,332975.727
300592.SZ,20250416,12.85,13.09,12.01,12.3,12.7,-0.4,-3.1496,234975.4,294961.839
300592.SZ,20250417,11.7,12.65,11.7,12.63,12.3,0.33,2.6829,204018.15,251721.798
300592.SZ,20250418,12.4,12.4,11.8,11.81,12.63,-0.82,-6.4925,149141.59,179622.976
300592.SZ,20250421,11.8,12.98,11.72,12.57,11.81,0.76,6.4352,223614.39,280036.899
300592.SZ,20250422,12.46,13.18,12.46,12.68,12.57,0.11,0.8751,236217.4,303556.866
300592.SZ,20250423,12.68,13.18,12.27,12.3,12.68,-0.38,-2.9968,236856.2,299641.361
300592.SZ,20250424,12.3,12.35,11.6,11.63,12.3,-0.67,-5.4472,159747.4,189649.568
300592.SZ,20250425,11.34,11.47,10.95,11.18,11.63,-0.45,-3.8693,146363.2,163873.627
300592.SZ,20250428,11.4,11.63,11.01,11.02,11.18,-0.16,-1.4311,97066.4,109053.892
300592.SZ,20250429,11.08,11.33,10.95,11.01,11.02,-0.01,-0.0907,70510.8,78353.395
300592.SZ,20250430,11.01,11.26,11.01,11.09,11.01,0.08,0.7266,55256.31,61562.773
300592.SZ,20250506,11.15,11.47,11.12,11.43,11.09,0.34,3.0658,89031.1,100909.342
300592.SZ,20250507,11.65,11.84,11.31,11.41,11.43,-0.02,-0.175,116587.1,134153.244
300592.SZ,20250508,11.43,11.64,11.33,11.52,11.41,0.11,0.9641,84671.2,97283.732
300592.SZ,20250509,11.52,11.52,11.12,11.12,11.52,-0.4,-3.4722,76441.8,85775.487
300592.SZ,20250512,11.56,12.1,11.42,11.76,11.12,0.64,5.7554,186861.7,219022.295
300592.SZ,20250513,12.42,12.9,12.02,12.04,11.76,0.28,2.381,261999.5,323697.962
300592.SZ,20250514,11.98,12.67,11.59,12.54,12.04,0.5,4.1528,247936.86,299204.839
300592.SZ,20250515,12.21,12.37,11.85,11.87,12.54,-0.67,-5.3429,177313.5,213866.006
300592.SZ,20250516,11.87,11.88,11.49,11.5,11.87,-0.37,-3.1171,105491.8,122784.441
300592.SZ,20250519,11.5,11.54,11.22,11.45,11.5,-0.05,-0.4348,74951.1,85296.096
300592.SZ,20250520,11.5,11.94,11.29,11.77,11.45,0.32,2.7948,102972.2,120090.901
300592.SZ,20250521,11.67,11.76,11.43,11.48,11.77,-0.29,-2.4639,68735.6,79144.061
300592.SZ,20250522,11.4,11.88,11.22,11.22,11.48,-0.26,-2.2648,92132.04,105842.314
300592.SZ,20250523,11.2,11.23,10.91,10.92,11.22,-0.3,-2.6738,77607.81,86002.193
300592.SZ,20250526,10.89,11.01,10.87,10.97,10.92,0.05,0.4579,36557.6,39991.896
300592.SZ,20250527,10.91,11.15,10.84,10.98,10.97,0.01,0.0912,54372.8,59699.578
300592.SZ,20250528,10.94,11.0,10.68,10.75,10.98,-0.23,-2.0947,54665.0,59006.752
300592.SZ,20250529,10.76,11.19,10.75,11.14,10.75,0.39,3.6279,74319.0,82034.457
300592.SZ,20250530,11.08,11.11,10.8,10.88,11.14,-0.26,-2.3339,53388.6,58238.996
300592.SZ,20250603,10.88,11.09,10.81,11.01,10.88,0.13,1.1949,36632.4,40333.82
300592.SZ,20250604,11.05,11.13,10.92,11.1,11.01,0.09,0.8174,40404.81,44601.902
300592.SZ,20250605,11.09,11.15,10.98,11.1,11.1,0.0,0.0,33939.2,37538.868
300592.SZ,20250606,11.17,11.18,10.82,10.9,11.1,-0.2,-1.8018,59712.0,65374.783
300592.SZ,20250609,10.94,11.2,10.91,11.14,10.9,0.24,2.2018,62222.03,69103.179
300592.SZ,20250610,11.14,11.34,10.87,11.12,11.14,-0.02,-0.1795,84139.38,93412.5
300592.SZ,20250611,11.11,11.45,11.08,11.4,11.12,0.28,2.518,101066.9,114633.366
300592.SZ,20250612,11.35,11.54,11.25,11.53,11.4,0.13,1.1404,91892.07,105129.888
300592.SZ,20250613,11.39,11.45,10.96,10.96,11.53,-0.57,-4.9436,102318.0,113604.32
300592.SZ,20250616,10.93,11.1,10.9,11.06,10.96,0.1,0.9124,47435.2,52242.478
300592.SZ,20250617,11.06,11.09,10.81,10.91,11.06,-0.15,-1.3562,62375.55,68002.437
300592.SZ,20250618,10.92,10.92,10.7,10.82,10.91,-0.09,-0.8249,45136.0,48726.303
300592.SZ,20250619,10.8,10.88,10.5,10.55,10.82,-0.27,-2.4954,45612.07,48642.33
300592.SZ,20250620,10.53,10.77,10.49,10.51,10.55,-0.04,-0.3791,37705.53,39861.446
300592.SZ,20250623,10.38,10.64,10.35,10.54,10.51,0.03,0.2854,51511.2,54112.898
300592.SZ,20250624,10.57,10.85,10.53,10.81,10.54,0.27,2.5617,61007.0,65565.775
300592.SZ,20250625,10.8,11.1,10.79,11.06,10.81,0.25,2.3127,80481.2,88348.637
300592.SZ,20250626,11.02,11.16,10.97,10.98,11.06,-0.08,-0.7233,55622.2,61359.53
300592.SZ,20250627,10.98,11.13,10.93,11.0,10.98,0.02,0.1821,47719.8,52554.699
300592.SZ,20250630,10.99,11.43,10.96,11.25,11.0,0.25,2.2727,72698.8,81645.875
300592.SZ,20250701,11.35,11.35,11.07,11.13,11.25,-0.12,-1.0667,47615.0,53124.773
300592.SZ,20250702,11.15,11.15,11.0,11.06,11.13,-0.07,-0.6289,30448.2,33669.632
300592.SZ,20250703,11.06,11.17,11.06,11.15,11.06,0.09,0.8137,26229.2,29182.904
300592.SZ,20250704,11.17,11.2,11.01,11.03,11.15,-0.12,-1.0762,35723.6,39697.499
300592.SZ,20250707,11.03,11.33,11.02,11.22,11.03,0.19,1.7226,48603.8,54360.333
300592.SZ,20250708,11.2,11.42,11.15,11.38,11.22,0.16,1.426,56839.7,64334.023
300592.SZ,20250709,11.36,11.49,11.28,11.3,11.38,-0.08,-0.703,56045.0,63786.979
300592.SZ,20250710,11.34,11.4,11.25,11.35,11.3,0.05,0.4425,42592.6,48231.234
300592.SZ,20250711,11.35,11.38,11.22,11.33,11.35,-0.02,-0.1762,42132.71,47670.008
300592.SZ,20250714,11.37,11.4,11.19,11.24,11.33,-0.09,-0.7944,40924.4,46067.473
300592.SZ,20250715,11.23,11.28,11.01,11.19,11.24,-0.05,-0.4448,51738.2,57524.158
300592.SZ,20250716,11.12,11.34,11.11,11.26,11.14,0.12,1.0772,40996.0,46158.826
300592.SZ,20250717,11.28,11.35,11.13,11.26,11.26,0.0,0.0,57800.1,64974.827
300592.SZ,20250718,11.25,11.34,11.14,11.26,11.26,0.0,0.0,53034.6,59531.94
300592.SZ,20250721,11.31,11.4,11.24,11.33,11.26,0.07,0.6217,58064.3,65771.79
300592.SZ,20250722,11.35,11.35,11.11,11.17,11.33,-0.16,-1.4122,67200.8,75157.927
300592.SZ,20250723,11.2,11.3,11.07,11.21,11.17,0.04,0.3581,89501.0,99995.107
300592.SZ,20250724,11.19,11.55,11.15,11.48,11.21,0.27,2.4086,111485.4,126570.324
300592.SZ,20250725,11.51,11.73,11.4,11.64,11.48,0.16,1.3937,106687.7,123742.176
300592.SZ,20250728,11.69,11.73,11.48,11.6,11.64,-0.04,-0.3436,70477.6,81678.39
300592.SZ,20250729,11.57,11.6,11.18,11.38,11.6,-0.22,-1.8966,89126.4,101161.92
300592.SZ,20250730,11.36,11.6,11.28,11.49,11.38,0.11,0.9666,88096.6,100464.07
300592.SZ,20250731,11.45,11.55,11.19,11.24,11.49,-0.25,-2.1758,78161.8,88811.284
300592.SZ,20250801,11.26,11.6,11.18,11.43,11.24,0.19,1.6904,92223.7,105080.668
300592.SZ,20250804,11.36,11.56,11.23,11.53,11.43,0.1,0.8749,57385.8,65354.094
300592.SZ,20250805,11.55,11.58,11.39,11.41,11.53,-0.12,-1.0408,73231.5,83708.601
300592.SZ,20250806,11.51,11.62,11.31,11.59,11.41,0.18,1.5776,114214.2,131027.139
300592.SZ,20250807,11.6,11.72,11.38,11.45,11.59,-0.14,-1.2079,97558.4,112070.195
300592.SZ,20250808,11.44,11.44,11.21,11.28,11.45,-0.17,-1.4847,69714.6,78668.57
300592.SZ,20250811,11.29,11.6,11.27,11.51,11.28,0.23,2.039,86065.2,98714.858
300592.SZ,20250812,11.55,11.77,11.51,11.61,11.51,0.1,0.8688,79663.4,92593.55
300592.SZ,20250813,11.59,11.62,11.46,11.53,11.61,-0.08,-0.6891,61025.2,70431.342
300592.SZ,20250814,11.54,11.6,11.32,11.34,11.53,-0.19,-1.6479,87490.14,100198.157
300592.SZ,20250815,11.31,11.45,11.29,11.35,11.34,0.01,0.0882,71444.6,81138.494
300592.SZ,20250818,11.4,11.82,11.39,11.66,11.35,0.31,2.7313,110446.87,128350.526
300592.SZ,20250819,11.63,11.72,11.55,11.68,11.66,0.02,0.1715,78618.3,91500.864
300592.SZ,20250820,11.68,11.94,11.57,11.91,11.68,0.23,1.9692,123393.75,145327.461
300592.SZ,20250821,11.95,12.28,11.84,12.04,11.91,0.13,1.0915,168686.95,203939.518
300592.SZ,20250822,12.0,12.07,11.89,12.0,12.04,-0.04,-0.3322,103262.0,123677.672
300592.SZ,20250825,12.06,12.08,11.81,11.87,12.0,-0.13,-1.0833,110287.2,131381.201
300592.SZ,20250826,11.95,12.27,11.9,12.18,11.87,0.31,2.6116,148967.8,180663.397
300592.SZ,20250827,12.2,12.39,11.82,11.87,12.18,-0.31,-2.5452,128519.0,156572.822
300592.SZ,20250828,11.85,12.01,11.31,11.78,11.87,-0.09,-0.7582,136296.67,159216.461
300592.SZ,20250829,11.7,11.86,11.65,11.68,11.78,-0.1,-0.8489,83241.8,97653.183
300592.SZ,20250901,11.68,11.85,11.61,11.65,11.68,-0.03,-0.2568,77319.0,90588.748
300592.SZ,20250902,11.65,11.65,11.27,11.41,11.65,-0.24,-2.0601,107433.4,122675.811
300592.SZ,20250903,11.42,11.48,10.97,11.07,11.41,-0.34,-2.9798,75819.6,85031.163
300592.SZ,20250904,11.06,11.34,11.0,11.2,11.07,0.13,1.1743,78596.2,88037.767
300592.SZ,20250905,11.21,11.42,11.03,11.42,11.2,0.22,1.9643,72509.08,81559.033
300592.SZ,20250908,11.4,11.68,11.35,11.64,11.42,0.22,1.9264,81538.2,94358.144
300592.SZ,20250909,11.61,11.73,11.5,11.52,11.64,-0.12,-1.0309,70202.8,81550.56
300592.SZ,20250910,11.52,11.67,11.48,11.5,11.52,-0.02,-0.1736,47962.46,55367.636
300592.SZ,20250911,11.48,11.52,11.28,11.51,11.5,0.01,0.087,75541.61,86211.142
300592.SZ,20250912,11.46,11.54,11.27,11.28,11.51,-0.23,-1.9983,60202.46,68535.956
300592.SZ,20250915,11.27,11.55,11.15,11.31,11.28,0.03,0.266,84270.5,95368.198
300592.SZ,20250916,11.31,12.21,11.24,12.05,11.31,0.74,6.5429,273653.78,323728.664
300592.SZ,20250917,12.03,12.07,11.8,11.86,12.05,-0.19,-1.5768,149985.78,178464.974
300592.SZ,20250918,11.83,11.95,11.34,11.5,11.86,-0.36,-3.0354,136501.5,159128.651
300592.SZ,20250919,11.5,11.9,11.5,11.73,11.5,0.23,2.0,141742.7,166128.353
300592.SZ,20250922,11.64,11.74,11.4,11.51,11.73,-0.22,-1.8755,104587.9,120549.214
300592.SZ,20250923,11.52,11.54,10.76,10.94,11.51,-0.57,-4.9522,184680.9,203020.951
300592.SZ,20250924,11.08,11.25,10.86,11.16,10.94,0.22,2.011,118143.72,130239.141
300592.SZ,20250925,11.05,11.33,11.01,11.06,11.16,-0.1,-0.8961,136645.49,152622.516
300592.SZ,20250926,11.04,11.07,10.85,10.9,11.06,-0.16,-1.4467,90599.4,99203.944
300592.SZ,20250929,10.86,10.93,10.54,10.89,10.9,-0.01,-0.0917,96003.6,103264.86
300592.SZ,20250930,10.87,11.2,10.8,10.96,10.89,0.07,0.6428,87108.74,95520.931
300592.SZ,20251009,11.0,11.03,10.84,10.93,10.96,-0.03,-0.2737,76959.2,84008.161
300592.SZ,20251010,10.9,10.97,10.82,10.83,10.93,-0.1,-0.9149,70096.8,76215.387
300592.SZ,20251013,10.44,10.74,10.1,10.73,10.83,-0.1,-0.9234,101395.35,106804.998
300592.SZ,20251014,10.76,10.86,10.48,10.54,10.73,-0.19,-1.7707,71604.35,76409.795
300592.SZ,20251015,10.53,10.82,10.47,10.78,10.54,0.24,2.277,63094.8,67563.449
300592.SZ,20251016,10.7,10.81,10.59,10.61,10.78,-0.17,-1.577,45941.6,49008.526
300592.SZ,20251017,10.58,10.7,10.32,10.33,10.61,-0.28,-2.639,54263.8,56774.355
300592.SZ,20251020,10.39,10.49,10.28,10.39,10.33,0.06,0.5808,68909.0,71405.647
300592.SZ,20251021,10.39,10.42,10.28,10.4,10.39,0.01,0.0962,83940.8,86956.824
300592.SZ,20251022,10.34,10.36,10.22,10.28,10.4,-0.12,-1.1538,67916.6,69836.354
300592.SZ,20251023,10.23,10.32,10.09,10.3,10.28,0.02,0.1946,72843.2,74089.334
300592.SZ,20251024,10.3,10.47,10.21,10.32,10.3,0.02,0.1942,122569.13,127092.058
300592.SZ,20251027,10.4,10.6,10.32,10.48,10.32,0.16,1.5504,95491.47,99927.499
300592.SZ,20251028,10.4,11.0,10.36,10.79,10.48,0.31,2.958,155530.0,168082.937
300592.SZ,20251029,10.66,10.8,10.54,10.72,10.79,-0.07,-0.6487,94082.0,100184.933
300592.SZ,20251030,10.73,10.84,10.55,10.57,10.72,-0.15,-1.3993,99604.4,106464.84
300592.SZ,20251031,10.7,10.9,10.7,10.85,10.57,0.28,2.649,106387.6,115236.632
300592.SZ,20251103,10.89,11.05,10.82,10.9,10.85,0.05,0.4608,84493.4,92190.428
300592.SZ,20251104,10.88,10.93,10.75,10.91,10.9,0.01,0.0917,64937.4,70234.815
300592.SZ,20251105,10.94,11.05,10.82,11.02,10.91,0.11,1.0082,97515.2,107234.96
300592.SZ,20251106,11.0,11.1,10.79,10.8,11.02,-0.22,-1.9964,86237.35,93696.648
300592.SZ,20251107,10.79,10.86,10.71,10.81,10.8,0.01,0.0926,50733.6,54744.172
300592.SZ,20251110,10.82,11.0,10.74,11.0,10.81,0.19,1.7576,74347.8,81226.561
300592.SZ,20251111,10.96,11.05,10.9,10.92,11.0,-0.08,-0.7273,43601.65,47717.13
300592.SZ,20251112,10.87,10.97,10.83,10.88,10.92,-0.04,-0.3663,40735.1,44354.689
300592.SZ,20251113,10.83,10.99,10.75,10.95,10.88,0.07,0.6434,56459.0,61291.333
300592.SZ,20251114,10.86,10.98,10.84,10.87,10.95,-0.08,-0.7306,58351.0,63715.916
300592.SZ,20251117,10.87,10.94,10.79,10.91,10.87,0.04,0.368,54686.2,59453.215
300592.SZ,20251118,10.89,11.3,10.83,11.17,10.91,0.26,2.3831,181164.48,201516.106
300592.SZ,20251119,11.1,11.65,10.94,11.38,11.17,0.21,1.88,309696.92,351691.077
300592.SZ,20251120,11.41,11.5,11.01,11.12,11.38,-0.26,-2.2847,175462.61,196268.208
300592.SZ,20251121,11.0,11.82,10.93,11.58,11.12,0.46,4.1367,358333.96,412742.828
300592.SZ,20251124,11.59,11.88,11.45,11.75,11.58,0.17,1.468,302761.38,353627.227
300592.SZ,20251125,11.75,13.38,11.62,12.45,11.75,0.7,5.9574,511483.18,641268.584
300592.SZ,20251126,12.57,12.81,12.1,12.19,12.45,-0.26,-2.0884,388937.44,482623.828
300592.SZ,20251127,12.42,12.85,12.14,12.15,12.19,-0.04,-0.3281,360780.39,448026.891
300592.SZ,20251128,12.15,12.53,11.85,12.26,12.15,0.11,0.9053,336266.03,407894.592
300592.SZ,20251201,12.13,12.15,11.82,11.88,12.26,-0.38,-3.0995,211858.63,252253.026
300592.SZ,20251202,11.86,12.19,11.5,11.64,11.88,-0.24,-2.0202,186034.4,218194.393
300592.SZ,20251203,11.6,11.72,11.19,11.3,11.64,-0.34,-2.921,164492.7,187000.47
300592.SZ,20251204,10.94,11.19,10.52,10.84,11.3,-0.46,-4.0708,253282.8,272780.824
300592.SZ,20251205,10.81,10.84,10.56,10.71,10.84,-0.13,-1.1993,114637.4,122399.85
300592.SZ,20251208,10.74,11.14,10.7,11.02,10.71,0.31,2.8945,124975.6,137705.309
300592.SZ,20251209,11.02,11.13,10.74,10.78,11.02,-0.24,-2.1779,90896.6,98794.199
300592.SZ,20251210,10.81,11.07,10.75,10.8,10.78,0.02,0.1855,79299.8,86265.98
300592.SZ,20251211,10.75,10.95,10.56,10.56,10.8,-0.24,-2.2222,123616.1,132474.442
300592.SZ,20251212,10.57,10.74,10.36,10.64,10.56,0.08,0.7576,91159.0,96185.257
300592.SZ,20251215,10.55,10.66,10.46,10.54,10.64,-0.1,-0.9398,49777.4,52682.404
300592.SZ,20251216,10.54,10.63,10.38,10.38,10.54,-0.16,-1.518,69058.6,72651.259
300592.SZ,20251217,10.31,10.58,10.31,10.58,10.38,0.2,1.9268,71865.8,75245.32
300592.SZ,20251218,10.61,11.03,10.58,10.9,10.58,0.32,3.0246,132930.0,144338.654
300592.SZ,20251219,10.9,11.14,10.82,11.0,10.9,0.1,0.9174,97779.8,107326.642
300592.SZ,20251222,11.12,11.3,10.91,11.0,11.0,0.0,0.0,87106.2,95979.822
300592.SZ,20251223,10.89,10.99,10.79,10.83,11.0,-0.17,-1.5455,60911.4,66069.143
300592.SZ,20251224,10.83,10.86,10.77,10.86,10.83,0.03,0.277,42917.4,46472.391
300592.SZ,20251225,10.88,10.95,10.78,10.87,10.86,0.01,0.0921,71313.0,77411.587
300592.SZ,20251226,10.82,10.86,10.68,10.68,10.87,-0.19,-1.7479,70643.6,76159.943
300592.SZ,20251229,10.67,10.67,10.38,10.45,10.68,-0.23,-2.1536,102563.0,107727.011
300592.SZ,20251230,10.44,10.5,10.34,10.43,10.45,-0.02,-0.1914,82149.78,85503.039
300592.SZ,20251231,10.44,11.06,10.42,10.86,10.43,0.43,4.1227,155875.2,168316.461
300592.SZ,20260105,10.86,11.09,10.83,11.01,10.86,0.15,1.3812,126367.2,138961.819
300592.SZ,20260106,10.96,11.05,10.88,11.01,11.01,0.0,0.0,99054.2,108968.675
300592.SZ,20260107,11.05,11.05,10.82,10.85,11.01,-0.16,-1.4532,70307.6,76737.829
300592.SZ,20260108,10.84,11.09,10.81,11.0,10.85,0.15,1.3825,66486.0,72948.599
300592.SZ,20260109,10.97,12.51,10.95,12.15,11.0,1.15,10.4545,380665.03,447800.354
300592.SZ,20260112,12.99,13.44,12.5,13.22,12.15,1.07,8.8066,544939.8,707425.552
300592.SZ,20260113,13.51,13.76,12.73,12.8,13.22,-0.42,-3.177,309970.83,406230.333
300592.SZ,20260114,12.62,13.98,12.62,13.35,12.8,0.55,4.2969,389500.39,520556.734
300592.SZ,20260115,13.14,13.34,12.68,12.82,13.35,-0.53,-3.97,311232.4,400670.737
300592.SZ,20260116,12.72,12.8,12.32,12.59,12.82,-0.23,-1.7941,215293.0,270784.75
300592.SZ,20260119,12.51,12.68,12.24,12.64,12.59,0.05,0.3971,148748.6,185407.558
300592.SZ,20260120,12.75,13.15,12.61,12.7,12.64,0.06,0.4747,148129.39,189565.147
300592.SZ,20260121,12.52,12.73,12.39,12.63,12.7,-0.07,-0.5512,94642.0,118955.843
300592.SZ,20260122,13.15,15.16,13.03,15.16,12.63,2.53,20.0317,534730.66,764333.839
300592.SZ,20260123,14.89,15.0,14.06,14.39,15.16,-0.77,-5.0792,547262.0,788812.479
300592.SZ,20260126,14.22,14.42,13.66,13.86,14.39,-0.53,-3.6831,273455.8,381563.844
300592.SZ,20260127,14.03,14.68,13.75,13.93,13.86,0.07,0.5051,362935.49,514507.727
300592.SZ,20260128,13.69,13.78,13.48,13.64,13.93,-0.29,-2.0818,260819.67,354887.446
300592.SZ,20260129,13.5,14.63,13.49,13.85,13.64,0.21,1.5396,327070.5,463232.774
300592.SZ,20260130,13.69,14.44,13.61,14.2,13.85,0.35,2.5271,223481.0,314181.348
300592.SZ,20260202,13.87,14.13,13.75,13.79,14.2,-0.41,-2.8873,161263.8,224193.537
300592.SZ,20260203,13.79,14.72,13.77,14.59,13.79,0.8,5.8013,241740.9,349418.363
300592.SZ,20260204,14.45,14.55,13.75,13.94,14.59,-0.65,-4.4551,177201.7,247938.426
300592.SZ,20260205,13.8,14.3,13.65,13.93,13.94,-0.01,-0.0717,115153.0,161276.029
300592.SZ,20260206,13.75,14.0,13.4,13.65,13.93,-0.28,-2.0101,120252.2,165302.171
300592.SZ,20260209,13.84,14.39,13.7,14.37,13.65,0.72,5.2747,189029.8,266469.057
300592.SZ,20260210,14.44,14.5,13.89,14.24,14.37,-0.13,-0.9047,156321.6,221037.531
300592.SZ,20260211,14.2,14.22,13.75,13.81,14.24,-0.43,-3.0197,106966.0,148411.246
300592.SZ,20260212,13.71,14.27,13.65,14.05,13.81,0.24,1.7379,153898.0,217312.813
300592.SZ,20260213,14.0,14.43,13.81,13.81,14.05,-0.24,-1.7082,85500.4,120501.55
300592.SZ,20260224,13.92,14.63,13.83,14.26,13.81,0.45,3.2585,147940.4,211943.031
300592.SZ,20260225,14.26,14.42,13.93,13.98,14.26,-0.28,-1.9635,106452.0,149826.221
300592.SZ,20260226,13.98,14.2,13.92,14.02,13.98,0.04,0.2861,76817.4,107704.123
300592.SZ,20260227,13.93,14.14,13.88,13.98,14.02,-0.04,-0.2853,65069.64,91078.832
300592.SZ,20260302,13.76,14.27,13.61,14.1,13.98,0.12,0.8584,119752.4,167100.735
300592.SZ,20260303,14.07,14.18,13.32,13.42,14.1,-0.68,-4.8227,96639.0,132326.496
300592.SZ,20260304,13.28,13.88,13.2,13.4,13.42,-0.02,-0.149,84491.0,114630.538
300592.SZ,20260305,13.6,14.03,13.6,13.73,13.4,0.33,2.4627,122549.4,169863.75
300592.SZ,20260306,13.68,13.78,13.4,13.43,13.73,-0.3,-2.185,74372.5,100817.157
300592.SZ,20260309,13.33,13.48,13.0,13.44,13.43,0.01,0.0745,105630.8,140066.269
300592.SZ,20260310,13.49,13.85,13.45,13.74,13.44,0.3,2.2321,72188.19,98953.243
300592.SZ,20260311,13.82,13.88,13.41,13.42,13.74,-0.32,-2.329,59076.0,80517.579
300592.SZ,20260312,13.45,13.48,12.9,12.97,13.42,-0.45,-3.3532,73181.0,95771.541
300592.SZ,20260313,12.9,13.19,12.82,12.84,12.97,-0.13,-1.0023,53127.8,69030.909
300592.SZ,20260316,12.91,13.22,12.7,13.19,12.84,0.35,2.7259,110428.4,143245.42
300592.SZ,20260317,13.29,13.29,12.57,12.64,13.19,-0.55,-4.1698,115216.8,147239.911
300592.SZ,20260318,12.72,12.89,12.65,12.89,12.64,0.25,1.9778,48999.8,62629.082
300592.SZ,20260319,12.81,12.84,12.46,12.51,12.89,-0.38,-2.948,48826.4,61610.448
300592.SZ,20260320,12.51,12.63,11.95,11.97,12.51,-0.54,-4.3165,98761.0,119774.898
300592.SZ,20260323,11.83,11.95,11.07,11.21,11.97,-0.76,-6.3492,120542.74,137658.493
300592.SZ,20260324,11.4,11.77,11.36,11.75,11.21,0.54,4.8171,128217.05,148611.541
300592.SZ,20260325,11.84,11.86,11.63,11.76,11.75,0.01,0.0851,67213.0,78832.002
300592.SZ,20260326,11.7,11.92,11.51,11.58,11.76,-0.18,-1.5306,47027.3,54769.719
300592.SZ,20260327,11.49,11.76,11.4,11.71,11.58,0.13,1.1226,41675.8,48640.621
300592.SZ,20260330,11.59,11.71,11.46,11.68,11.71,-0.03,-0.2562,41737.8,48499.057
300592.SZ,20260331,11.68,11.87,11.58,11.63,11.68,-0.05,-0.4281,39833.0,46708.406
300592.SZ,20260401,11.82,12.43,11.74,12.36,11.63,0.73,6.2769,80300.4,96449.114
300592.SZ,20260402,12.25,12.86,12.2,12.6,12.36,0.24,1.9417,180491.8,224743.101
300592.SZ,20260403,12.79,13.15,12.15,12.18,12.6,-0.42,-3.3333,142176.71,177454.676
300592.SZ,20260407,12.39,12.78,12.17,12.65,12.18,0.47,3.8588,110072.0,137811.947
300592.SZ,20260408,12.89,13.19,12.63,13.19,12.65,0.54,4.2688,107563.0,139928.766
300592.SZ,20260409,13.26,13.3,12.76,12.91,13.19,-0.28,-2.1228,75988.6,98379.763
300592.SZ,20260410,12.95,13.07,12.71,12.76,12.91,-0.15,-1.1619,74052.8,95308.136
300592.SZ,20260413,12.63,13.2,12.51,13.1,12.76,0.34,2.6646,98289.21,127116.367
300592.SZ,20260414,13.15,13.19,12.71,12.97,13.1,-0.13,-0.9924,79437.2,102462.091
300592.SZ,20260415,12.92,13.23,12.78,12.89,12.97,-0.08,-0.6168,67885.03,87995.34
300592.SZ,20260416,12.88,13.25,12.82,13.12,12.89,0.23,1.7843,69878.6,91621.508
300592.SZ,20260417,13.12,13.18,12.97,13.09,13.12,-0.03,-0.2287,46754.0,61066.783
300592.SZ,20260420,13.1,13.91,12.97,13.73,13.09,0.64,4.8892,132926.6,181458.967
300592.SZ,20260421,13.72,13.76,13.23,13.43,13.73,-0.3,-2.185,67578.2,90449.683
300592.SZ,20260422,13.4,13.9,13.26,13.84,13.43,0.41,3.0529,70196.2,95785.484
300592.SZ,20260423,13.85,14.2,13.75,14.15,13.84,0.31,2.2399,112949.6,158180.683
300592.SZ,20260424,14.19,14.29,13.77,13.93,14.15,-0.22,-1.5548,109187.17,152459.353
300592.SZ,20260427,13.21,13.58,12.79,13.4,13.93,-0.53,-3.8047,199011.79,262097.058
300592.SZ,20260428,13.47,13.61,12.88,13.02,13.4,-0.38,-2.8358,147208.59,192405.215
300592.SZ,20260429,13.15,13.38,12.86,13.08,13.02,0.06,0.4608,92885.0,122352.333
300592.SZ,20260430,13.06,13.14,12.72,13.01,13.08,-0.07,-0.5352,134661.4,174040.873
