ts_code,trade_date,open,high,low,close,pre_close,change,pct_chg,vol,amount
301013.SZ,20240102,15.95,16.0,15.67,15.73,15.85,-0.12,-0.7571,83064.71,131279.759
301013.SZ,20240103,15.51,15.75,15.15,15.42,15.73,-0.31,-1.9708,99967.95,154096.841
301013.SZ,20240104,15.27,15.35,14.91,14.94,15.42,-0.48,-3.1128,71347.26,107249.853
301013.SZ,20240105,14.98,15.08,14.44,14.58,14.94,-0.36,-2.4096,73839.58,108567.801
301013.SZ,20240108,14.4,14.5,13.77,13.99,14.58,-0.59,-4.0466,76625.7,107758.337
301013.SZ,20240109,14.03,14.32,13.77,13.86,13.99,-0.13,-0.9292,73575.37,103488.206
301013.SZ,20240110,13.71,13.98,13.18,13.19,13.86,-0.67,-4.8341,99000.17,132026.13
301013.SZ,20240111,13.17,13.97,13.11,13.9,13.19,0.71,5.3829,80709.5,109857.702
301013.SZ,20240112,13.88,13.94,13.65,13.66,13.9,-0.24,-1.7266,51539.25,71178.144
301013.SZ,20240115,13.58,13.72,13.37,13.43,13.66,-0.23,-1.6837,47457.0,64122.94
301013.SZ,20240116,13.43,13.43,13.07,13.31,13.43,-0.12,-0.8935,49511.5,65452.42
301013.SZ,20240117,13.39,13.54,13.05,13.07,13.31,-0.24,-1.8032,56137.5,74449.727
301013.SZ,20240118,12.99,13.3,12.8,13.24,13.07,0.17,1.3007,66773.55,87062.078
301013.SZ,20240119,13.27,13.35,12.79,12.82,13.24,-0.42,-3.1722,51029.0,66529.314
301013.SZ,20240122,12.91,12.91,11.79,11.99,12.82,-0.83,-6.4743,85140.53,105123.638
301013.SZ,20240123,11.95,12.23,11.78,12.05,11.99,0.06,0.5004,56538.5,68041.276
301013.SZ,20240124,12.05,12.21,11.45,11.89,12.05,-0.16,-1.3278,62160.58,73393.232
301013.SZ,20240125,11.9,12.34,11.78,12.28,11.89,0.39,3.2801,52602.0,63837.61
301013.SZ,20240126,12.2,12.39,11.95,11.96,12.28,-0.32,-2.6059,45322.0,55172.972
301013.SZ,20240129,11.58,11.69,11.14,11.24,11.96,-0.72,-6.0201,80046.23,90813.968
301013.SZ,20240130,11.11,11.36,10.95,10.95,11.24,-0.29,-2.5801,51555.0,57462.458
301013.SZ,20240131,10.99,11.13,10.12,10.15,10.95,-0.8,-7.3059,74991.22,78739.094
301013.SZ,20240201,10.06,10.23,9.71,9.93,10.15,-0.22,-2.1675,60525.27,60427.219
301013.SZ,20240202,9.96,10.27,8.92,9.31,9.93,-0.62,-6.2437,84588.49,80726.913
301013.SZ,20240205,9.28,9.29,7.6,7.81,9.31,-1.5,-16.1117,136331.39,110482.732
301013.SZ,20240206,7.84,8.38,6.85,7.92,7.81,0.11,1.4085,144659.14,108832.25
301013.SZ,20240207,8.0,8.18,7.16,7.23,7.92,-0.69,-8.7121,149899.89,113904.668
301013.SZ,20240208,7.23,8.11,6.95,8.02,7.23,0.79,10.9267,147373.5,113010.697
301013.SZ,20240219,8.15,8.74,8.15,8.6,8.02,0.58,7.2319,121368.13,103302.806
301013.SZ,20240220,8.65,9.34,8.39,9.28,8.6,0.68,7.907,132087.6,119428.201
301013.SZ,20240221,9.1,10.02,9.01,9.6,9.28,0.32,3.4483,129687.24,124259.588
301013.SZ,20240222,9.73,10.05,9.54,10.03,9.6,0.43,4.4792,105786.4,104130.346
301013.SZ,20240223,10.03,10.51,9.91,10.5,10.03,0.47,4.6859,101182.0,103644.568
301013.SZ,20240226,10.7,11.33,10.51,10.93,10.5,0.43,4.0952,141906.0,154444.619
301013.SZ,20240227,10.86,11.57,10.66,11.54,10.93,0.61,5.581,122046.02,135835.214
301013.SZ,20240228,11.54,11.8,9.91,9.91,11.54,-1.63,-14.1248,202491.3,220256.049
301013.SZ,20240229,9.75,10.84,9.72,10.8,9.91,0.89,8.9808,136517.42,143292.205
301013.SZ,20240301,11.03,11.97,11.0,11.43,10.8,0.63,5.8333,199843.11,227996.034
301013.SZ,20240304,11.5,11.95,11.33,11.86,11.43,0.43,3.762,213361.83,250050.134
301013.SZ,20240305,11.58,11.69,11.1,11.31,11.86,-0.55,-4.6374,191657.35,217694.462
301013.SZ,20240306,11.59,12.17,11.16,11.77,11.31,0.46,4.0672,217310.34,253598.755
301013.SZ,20240307,11.58,12.33,11.41,11.49,11.77,-0.28,-2.3789,228098.11,269361.58
301013.SZ,20240308,11.6,11.77,11.2,11.66,11.49,0.17,1.4795,152220.96,175845.298
301013.SZ,20240311,11.41,12.14,11.25,12.0,11.66,0.34,2.916,195621.81,229339.456
301013.SZ,20240312,11.82,11.97,11.58,11.82,12.0,-0.18,-1.5,147641.84,174115.861
301013.SZ,20240313,11.75,12.61,11.64,12.6,11.82,0.78,6.599,255902.38,311339.36
301013.SZ,20240314,12.3,12.42,11.94,12.17,12.6,-0.43,-3.4127,195929.68,239102.517
301013.SZ,20240315,12.17,12.57,11.86,12.43,12.17,0.26,2.1364,188170.58,232100.731
301013.SZ,20240318,12.56,13.29,12.41,13.03,12.43,0.6,4.827,248023.91,319629.207
301013.SZ,20240319,12.91,13.3,12.83,12.84,13.03,-0.19,-1.4582,169912.99,220826.44
301013.SZ,20240320,12.8,12.93,12.55,12.8,12.84,-0.04,-0.3115,134871.69,171000.243
301013.SZ,20240321,12.65,14.97,12.5,14.4,12.8,1.6,12.5,418882.26,574555.205
301013.SZ,20240322,14.74,15.48,14.2,15.3,14.4,0.9,6.25,430799.3,645630.262
301013.SZ,20240325,15.4,15.55,13.68,13.9,15.3,-1.4,-9.1503,349257.62,515234.88
301013.SZ,20240326,14.12,14.97,13.31,14.46,13.9,0.56,4.0288,342488.86,484299.648
301013.SZ,20240327,14.48,14.89,12.8,12.99,14.46,-1.47,-10.166,331569.5,455826.061
301013.SZ,20240328,13.09,14.13,12.95,13.65,12.99,0.66,5.0808,231112.23,313046.605
301013.SZ,20240329,13.69,14.39,13.58,14.28,13.65,0.63,4.6154,201663.2,283402.589
301013.SZ,20240401,14.6,14.94,14.3,14.75,14.28,0.47,3.2913,239116.56,350557.147
301013.SZ,20240402,14.36,14.75,14.0,14.3,14.75,-0.45,-3.0508,170147.38,243901.431
301013.SZ,20240403,14.25,14.26,13.28,13.44,14.3,-0.86,-6.014,176749.56,239817.844
301013.SZ,20240408,13.3,13.72,12.64,12.71,13.44,-0.73,-5.4315,166851.45,218095.287
301013.SZ,20240409,12.72,12.88,12.11,12.71,12.71,0.0,0.0,186815.53,232145.454
301013.SZ,20240410,12.7,12.79,12.01,12.16,12.71,-0.55,-4.3273,105233.82,129280.13
301013.SZ,20240411,11.93,12.38,11.93,12.11,12.16,-0.05,-0.4112,81345.43,99132.614
301013.SZ,20240412,12.1,12.26,11.65,11.75,12.11,-0.36,-2.9727,85276.02,101661.881
301013.SZ,20240415,11.67,11.79,10.58,10.89,11.75,-0.86,-7.3191,146704.08,161475.359
301013.SZ,20240416,10.8,10.89,9.47,9.91,10.89,-0.98,-8.9991,134483.08,133963.131
301013.SZ,20240417,10.42,10.99,10.42,10.99,9.91,1.08,10.8981,128070.75,138260.781
301013.SZ,20240418,11.1,11.59,10.63,11.22,10.99,0.23,2.0928,134211.97,150678.564
301013.SZ,20240419,11.07,11.6,10.93,11.13,11.22,-0.09,-0.8021,98685.5,110334.691
301013.SZ,20240422,11.1,11.1,10.28,10.7,11.13,-0.43,-3.8634,72078.52,76883.126
301013.SZ,20240423,10.8,11.37,10.69,11.36,10.7,0.66,6.1682,110515.69,123118.827
301013.SZ,20240424,11.28,11.9,11.02,11.73,11.36,0.37,3.257,159052.4,182300.68
301013.SZ,20240425,11.79,11.88,11.45,11.52,11.73,-0.21,-1.7903,105953.65,122977.352
301013.SZ,20240426,11.49,12.15,11.43,12.0,11.52,0.48,4.1667,121188.47,144206.077
301013.SZ,20240429,12.09,12.42,11.92,12.21,12.0,0.21,1.75,117396.0,143011.143
301013.SZ,20240430,12.18,12.33,11.92,12.11,12.21,-0.1,-0.819,74305.13,89917.08
301013.SZ,20240506,12.26,12.46,12.14,12.3,12.11,0.19,1.569,81707.01,100384.461
301013.SZ,20240507,12.28,12.44,12.15,12.25,12.3,-0.05,-0.4065,67362.0,82739.579
301013.SZ,20240508,12.14,12.26,11.76,11.83,12.25,-0.42,-3.4286,88643.5,105923.321
301013.SZ,20240509,11.66,12.11,11.66,11.74,11.83,-0.09,-0.7608,72331.5,85897.501
301013.SZ,20240510,11.75,11.8,11.16,11.2,11.74,-0.54,-4.5997,89738.15,101971.977
301013.SZ,20240513,11.1,11.11,10.56,10.63,11.2,-0.57,-5.0893,81920.0,88139.788
301013.SZ,20240514,10.7,11.0,10.64,10.86,10.63,0.23,2.1637,68469.5,73945.662
301013.SZ,20240515,10.86,11.27,10.67,10.87,10.86,0.01,0.0921,74460.5,82034.615
301013.SZ,20240516,10.87,11.3,10.77,11.16,10.87,0.29,2.6679,83889.69,93560.791
301013.SZ,20240517,11.15,11.46,11.07,11.44,11.16,0.28,2.509,67865.69,76694.917
301013.SZ,20240520,11.44,11.55,11.21,11.29,11.44,-0.15,-1.3112,61511.41,69774.845
301013.SZ,20240521,11.21,11.34,11.02,11.17,11.29,-0.12,-1.0629,53505.19,59669.208
301013.SZ,20240522,11.25,11.32,11.08,11.21,11.17,0.04,0.3581,40166.0,44995.966
301013.SZ,20240523,11.27,11.4,11.03,11.04,11.21,-0.17,-1.5165,65887.06,73670.452
301013.SZ,20240524,11.14,12.06,10.78,11.6,11.04,0.56,5.0725,194112.63,223437.916
301013.SZ,20240527,11.3,11.5,10.79,11.18,11.6,-0.42,-3.6207,155157.5,171660.787
301013.SZ,20240528,11.17,11.17,10.72,10.84,11.18,-0.34,-3.0411,78799.0,85568.232
301013.SZ,20240529,10.83,11.09,10.71,10.82,10.84,-0.02,-0.1845,60873.0,66289.903
301013.SZ,20240530,10.8,10.98,10.62,10.75,10.82,-0.07,-0.647,51687.0,55928.014
301013.SZ,20240531,10.88,11.24,10.76,10.96,10.75,0.21,1.9535,74403.0,82242.283
301013.SZ,20240603,11.0,11.17,10.62,10.76,10.96,-0.2,-1.8248,68715.0,74417.347
301013.SZ,20240604,10.76,10.84,10.08,10.29,10.76,-0.47,-4.368,80929.0,83466.59
301013.SZ,20240605,10.44,10.52,10.19,10.25,10.29,-0.04,-0.3887,60204.0,62206.532
301013.SZ,20240606,10.23,10.57,9.75,9.85,10.25,-0.4,-3.9024,80899.5,81719.914
301013.SZ,20240607,10.05,10.18,9.79,9.91,9.85,0.06,0.6091,72189.69,72031.481
301013.SZ,20240611,9.9,10.15,9.57,10.12,9.91,0.21,2.1191,64060.0,63874.287
301013.SZ,20240612,10.19,10.47,10.1,10.33,10.12,0.21,2.0751,63774.88,66068.388
301013.SZ,20240613,10.3,10.7,10.29,10.41,10.33,0.08,0.7744,63745.0,66950.468
301013.SZ,20240614,10.4,10.6,10.12,10.54,10.41,0.13,1.2488,70511.0,73840.887
301013.SZ,20240617,10.54,10.9,10.31,10.67,10.54,0.13,1.2334,81169.5,86877.273
301013.SZ,20240618,10.67,11.27,10.67,11.24,10.67,0.57,5.3421,117160.5,129683.899
301013.SZ,20240619,11.46,11.69,11.12,11.17,11.24,-0.07,-0.6228,102847.5,116313.302
301013.SZ,20240620,11.12,11.35,10.7,10.72,11.17,-0.45,-4.0286,83766.51,91926.212
301013.SZ,20240621,10.78,10.88,10.3,10.72,10.72,0.0,0.0,60933.0,65085.141
301013.SZ,20240624,10.52,10.69,9.98,10.05,10.72,-0.67,-6.25,67544.0,69459.568
301013.SZ,20240625,10.05,10.2,9.84,9.86,10.05,-0.19,-1.8905,58188.0,58082.631
301013.SZ,20240626,9.91,10.49,9.71,10.47,9.86,0.61,6.1866,70400.0,71651.379
301013.SZ,20240627,10.46,10.88,10.18,10.21,10.47,-0.26,-2.4833,79227.0,83293.641
301013.SZ,20240628,10.15,10.88,10.06,10.68,10.21,0.47,4.6033,108025.5,115114.514
301013.SZ,20240701,10.66,10.85,10.21,10.67,10.68,-0.01,-0.0936,87347.5,91211.231
301013.SZ,20240702,10.7,11.04,10.64,10.73,10.67,0.06,0.5623,81428.68,87962.738
301013.SZ,20240703,10.61,10.71,10.28,10.36,10.73,-0.37,-3.4483,60486.0,63106.123
301013.SZ,20240704,10.36,10.46,10.0,10.1,10.36,-0.26,-2.5097,45012.5,45896.633
301013.SZ,20240705,10.0,10.6,9.84,10.49,10.1,0.39,3.8614,84416.0,86922.981
301013.SZ,20240708,10.22,10.31,9.96,9.98,10.49,-0.51,-4.8618,75255.0,75963.258
301013.SZ,20240709,10.05,10.59,9.91,10.57,9.98,0.59,5.9118,107390.88,111499.634
301013.SZ,20240710,10.48,10.95,10.31,10.6,10.57,0.03,0.2838,120942.17,127759.358
301013.SZ,20240711,10.63,11.05,10.59,10.95,10.6,0.35,3.3019,142218.79,154296.94
301013.SZ,20240712,10.91,10.92,10.55,10.7,10.95,-0.25,-2.2831,89067.5,95237.129
301013.SZ,20240715,10.61,10.64,10.3,10.33,10.7,-0.37,-3.4579,58317.5,60614.948
301013.SZ,20240716,10.18,10.59,10.18,10.53,10.33,0.2,1.9361,59355.0,61879.378
301013.SZ,20240717,10.51,10.61,10.12,10.14,10.53,-0.39,-3.7037,63754.5,65717.805
301013.SZ,20240718,10.0,10.0,9.55,9.82,10.14,-0.32,-3.1558,88908.0,87008.484
301013.SZ,20240719,9.82,10.19,9.66,10.08,9.82,0.26,2.6477,60631.5,60702.069
301013.SZ,20240722,10.1,10.33,10.0,10.19,10.08,0.11,1.0913,53792.5,54666.044
301013.SZ,20240723,10.19,10.25,9.71,9.75,10.19,-0.44,-4.318,50161.0,50161.351
301013.SZ,20240724,9.75,10.14,9.58,9.66,9.75,-0.09,-0.9231,71040.5,69243.576
301013.SZ,20240725,9.8,9.87,9.54,9.66,9.66,0.0,0.0,71705.5,69682.805
301013.SZ,20240726,9.68,9.94,9.65,9.92,9.66,0.26,2.6915,57312.0,56230.999
301013.SZ,20240729,9.92,10.18,9.9,10.02,9.92,0.1,1.0081,56318.5,56515.534
301013.SZ,20240730,10.0,10.13,9.88,9.98,10.02,-0.04,-0.3992,45045.58,44950.187
301013.SZ,20240731,9.95,10.38,9.92,10.33,9.98,0.35,3.507,75431.0,77153.368
301013.SZ,20240801,10.37,10.43,10.22,10.28,10.33,-0.05,-0.484,55269.0,57028.02
301013.SZ,20240802,10.09,10.19,9.83,9.86,10.28,-0.42,-4.0856,61819.0,61820.831
301013.SZ,20240805,9.72,9.83,9.14,9.14,9.86,-0.72,-7.3022,96553.33,91448.213
301013.SZ,20240806,9.31,9.55,9.22,9.33,9.14,0.19,2.0788,44881.0,41943.362
301013.SZ,20240807,9.34,9.59,9.28,9.43,9.33,0.1,1.0718,45484.99,43132.088
301013.SZ,20240808,9.38,9.42,9.13,9.27,9.43,-0.16,-1.6967,39078.0,36194.479
301013.SZ,20240809,9.39,9.73,9.29,9.51,9.27,0.24,2.589,61801.5,58665.459
301013.SZ,20240812,9.49,9.62,9.2,9.23,9.51,-0.28,-2.9443,48195.99,45131.501
301013.SZ,20240813,9.23,9.45,9.17,9.45,9.23,0.22,2.3835,45530.0,42578.678
301013.SZ,20240814,9.51,9.79,9.44,9.66,9.45,0.21,2.2222,64824.0,62559.882
301013.SZ,20240815,9.6,10.1,9.5,9.95,9.66,0.29,3.0021,86378.0,85074.24
301013.SZ,20240816,9.99,10.58,9.9,10.38,9.95,0.43,4.3216,157141.47,162207.14
301013.SZ,20240819,10.21,10.3,9.92,9.96,10.38,-0.42,-4.0462,92292.0,93187.141
301013.SZ,20240820,10.01,10.47,9.91,10.03,9.96,0.07,0.7028,97152.5,98437.164
301013.SZ,20240821,9.91,10.43,9.81,10.23,10.03,0.2,1.994,96809.14,98970.368
301013.SZ,20240822,10.16,10.5,10.01,10.14,10.23,-0.09,-0.8798,97245.0,99733.788
301013.SZ,20240823,9.97,10.65,9.94,10.46,10.14,0.32,3.1558,185787.98,193509.729
301013.SZ,20240826,10.75,11.1,10.5,10.92,10.46,0.46,4.3977,238509.9,259409.991
301013.SZ,20240827,10.77,10.95,10.3,10.52,10.92,-0.4,-3.663,195197.18,206817.825
301013.SZ,20240828,10.26,11.2,10.23,10.99,10.52,0.47,4.4677,248833.92,269327.119
301013.SZ,20240829,10.96,11.58,10.84,11.35,10.99,0.36,3.2757,344755.08,388250.127
301013.SZ,20240830,11.59,12.12,11.23,11.36,11.35,0.01,0.0881,369407.2,430420.228
301013.SZ,20240902,11.21,11.46,10.94,11.0,11.36,-0.36,-3.169,218863.98,244295.369
301013.SZ,20240903,11.13,11.45,10.83,11.05,11.0,0.05,0.4545,205227.33,228058.682
301013.SZ,20240904,10.8,10.8,10.34,10.64,11.05,-0.41,-3.7104,183405.54,193971.685
301013.SZ,20240905,10.67,11.09,10.45,10.84,10.64,0.2,1.8797,158764.84,170620.967
301013.SZ,20240906,10.78,10.84,10.22,10.25,10.84,-0.59,-5.4428,145862.45,151817.407
301013.SZ,20240909,10.42,10.52,10.0,10.06,10.25,-0.19,-1.8537,88968.0,90630.045
301013.SZ,20240910,10.04,10.39,9.85,10.31,10.06,0.25,2.4851,98892.5,100215.289
301013.SZ,20240911,10.32,10.32,9.99,10.04,10.31,-0.27,-2.6188,67661.5,68171.513
301013.SZ,20240912,10.06,10.14,9.85,9.88,10.04,-0.16,-1.5936,62114.35,62002.393
301013.SZ,20240913,9.89,9.93,9.54,9.56,9.88,-0.32,-3.2389,68300.99,66075.647
301013.SZ,20240918,9.68,9.68,9.2,9.34,9.56,-0.22,-2.3013,58654.04,54869.492
301013.SZ,20240919,9.41,9.58,9.32,9.56,9.34,0.22,2.3555,58847.0,55780.561
301013.SZ,20240920,9.59,9.74,9.45,9.55,9.56,-0.01,-0.1046,59956.0,57322.068
301013.SZ,20240923,9.58,9.85,9.53,9.72,9.55,0.17,1.7801,80381.07,78177.44
301013.SZ,20240924,9.7,9.87,9.43,9.86,9.72,0.14,1.4403,107426.0,104363.541
301013.SZ,20240925,9.93,10.2,9.87,9.93,9.86,0.07,0.7099,108173.0,108612.151
301013.SZ,20240926,10.08,10.19,9.98,10.19,9.93,0.26,2.6183,115709.57,116968.567
301013.SZ,20240927,10.29,11.09,10.26,10.87,10.19,0.68,6.6732,184783.07,197077.525
301013.SZ,20240930,11.31,12.69,11.11,12.58,10.87,1.71,15.7314,284937.26,340029.499
301013.SZ,20241008,14.9,15.08,12.99,14.62,12.58,2.04,16.2162,359570.51,508707.896
301013.SZ,20241009,13.5,14.1,12.55,12.56,14.62,-2.06,-14.0903,237840.51,319769.303
301013.SZ,20241010,12.75,13.2,12.55,12.56,12.56,0.0,0.0,158039.99,203114.652
301013.SZ,20241011,12.57,12.57,11.6,11.79,12.56,-0.77,-6.1306,133558.34,160208.354
301013.SZ,20241014,11.9,13.46,11.78,13.44,11.79,1.65,13.9949,282278.98,360300.384
301013.SZ,20241015,13.45,14.01,13.03,13.19,13.44,-0.25,-1.8601,310405.64,423702.454
301013.SZ,20241016,12.9,13.73,12.9,13.21,13.19,0.02,0.1516,180632.0,240129.753
301013.SZ,20241017,13.26,14.14,13.26,13.62,13.21,0.41,3.1037,280360.67,385250.305
301013.SZ,20241018,13.49,14.29,13.4,13.92,13.62,0.3,2.2026,301451.18,420005.979
301013.SZ,20241021,14.0,14.58,13.88,14.16,13.92,0.24,1.7241,277982.57,394841.985
301013.SZ,20241022,13.91,14.34,13.5,13.81,14.16,-0.35,-2.4718,213384.05,295553.261
301013.SZ,20241023,13.68,13.93,13.43,13.51,13.81,-0.3,-2.1723,148367.5,203518.177
301013.SZ,20241024,13.55,14.14,13.4,13.87,13.51,0.36,2.6647,158092.84,217901.067
301013.SZ,20241025,14.0,14.43,13.86,14.28,13.87,0.41,2.956,182622.5,258426.813
301013.SZ,20241028,14.18,14.2,13.7,13.94,14.28,-0.34,-2.381,171881.03,238259.324
301013.SZ,20241029,13.9,14.66,13.64,14.26,13.94,0.32,2.2956,279560.04,400589.924
301013.SZ,20241030,14.13,14.78,14.1,14.78,14.26,0.52,3.6466,262353.38,379038.392
301013.SZ,20241031,15.4,15.5,14.25,14.47,14.78,-0.31,-2.0974,413279.07,617235.643
301013.SZ,20241101,14.14,14.28,12.77,12.81,14.47,-1.66,-11.472,260398.01,352562.527
301013.SZ,20241104,12.85,13.77,12.78,13.73,12.81,0.92,7.1819,180299.66,240044.39
301013.SZ,20241105,13.58,14.26,13.51,14.14,13.73,0.41,2.9862,177721.4,248354.78
301013.SZ,20241106,14.24,14.39,13.75,13.89,14.14,-0.25,-1.768,187882.83,263524.577
301013.SZ,20241107,13.66,13.87,13.48,13.85,13.89,-0.04,-0.288,138559.72,189986.713
301013.SZ,20241108,14.0,14.45,13.93,14.31,13.85,0.46,3.3213,201751.38,286039.449
301013.SZ,20241111,14.44,15.02,14.31,14.89,14.31,0.58,4.0531,232573.9,340974.088
301013.SZ,20241112,14.92,15.1,14.34,14.6,14.89,-0.29,-1.9476,188192.5,276751.911
301013.SZ,20241113,14.46,14.68,13.96,14.46,14.6,-0.14,-0.9589,117788.5,168461.554
301013.SZ,20241114,14.44,14.53,13.81,13.92,14.46,-0.54,-3.7344,83697.5,118185.618
301013.SZ,20241115,13.78,14.64,13.78,13.93,13.92,0.01,0.0718,121770.38,172669.909
301013.SZ,20241118,14.18,14.2,13.0,13.09,13.93,-0.84,-6.0302,100028.32,133867.82
301013.SZ,20241119,13.24,13.71,13.15,13.7,13.09,0.61,4.66,85702.92,115515.985
301013.SZ,20241120,13.75,13.88,13.57,13.79,13.7,0.09,0.6569,84961.25,116691.261
301013.SZ,20241121,13.64,14.08,13.36,13.81,13.79,0.02,0.145,91824.5,125476.095
301013.SZ,20241122,13.75,14.15,13.22,13.27,13.81,-0.54,-3.9102,95843.78,131791.541
301013.SZ,20241125,13.29,13.54,13.04,13.41,13.27,0.14,1.055,59440.32,78746.585
301013.SZ,20241126,13.33,13.48,13.02,13.03,13.41,-0.38,-2.8337,55258.82,72974.316
301013.SZ,20241127,12.98,13.15,12.59,13.15,13.03,0.12,0.921,65738.32,84667.34
301013.SZ,20241128,13.18,13.29,13.02,13.1,13.15,-0.05,-0.3802,69181.88,90961.829
301013.SZ,20241129,13.01,13.49,12.83,13.31,13.1,0.21,1.6031,96453.5,127524.995
301013.SZ,20241202,13.39,13.9,13.33,13.74,13.31,0.43,3.2307,102632.82,140024.176
301013.SZ,20241203,13.82,13.94,13.48,13.62,13.74,-0.12,-0.8734,78199.15,107199.226
301013.SZ,20241204,13.55,13.85,13.34,13.41,13.62,-0.21,-1.5419,87796.65,119021.659
301013.SZ,20241205,13.25,13.68,13.25,13.49,13.41,0.08,0.5966,84342.0,114207.452
301013.SZ,20241206,13.44,13.52,13.08,13.39,13.49,-0.1,-0.7413,103515.0,137399.354
301013.SZ,20241209,13.59,13.9,13.48,13.83,13.39,0.44,3.286,141081.5,193395.826
301013.SZ,20241210,14.22,14.46,13.93,13.93,13.83,0.1,0.7231,173744.15,246115.51
301013.SZ,20241211,13.83,14.25,13.66,14.22,13.93,0.29,2.0818,126063.26,177521.297
301013.SZ,20241212,14.15,14.57,13.88,14.32,14.22,0.1,0.7032,138122.5,196327.788
301013.SZ,20241213,14.19,14.4,13.66,13.7,14.32,-0.62,-4.3296,98257.37,137596.331
301013.SZ,20241216,13.7,13.86,13.33,13.44,13.7,-0.26,-1.8978,68732.0,93060.192
301013.SZ,20241217,13.46,13.48,12.78,12.79,13.44,-0.65,-4.8363,81848.7,106865.087
301013.SZ,20241218,12.87,13.04,12.44,12.83,12.79,0.04,0.3127,63638.08,81316.006
301013.SZ,20241219,12.65,13.03,12.57,12.92,12.83,0.09,0.7015,53433.0,68644.514
301013.SZ,20241220,12.82,13.34,12.82,13.2,12.92,0.28,2.1672,61946.1,81414.296
301013.SZ,20241223,13.2,13.31,12.25,12.29,13.2,-0.91,-6.8939,95074.5,120297.136
301013.SZ,20241224,12.5,12.64,12.24,12.55,12.29,0.26,2.1155,66696.5,83230.043
301013.SZ,20241225,12.52,12.52,11.97,12.16,12.55,-0.39,-3.1076,68558.34,83777.369
301013.SZ,20241226,12.1,12.49,12.09,12.4,12.16,0.24,1.9737,57497.12,71235.243
301013.SZ,20241227,12.43,12.76,12.34,12.41,12.4,0.01,0.0806,84836.15,106536.575
301013.SZ,20241230,12.4,12.4,11.79,12.14,12.41,-0.27,-2.1757,65558.0,79892.131
301013.SZ,20241231,12.2,12.4,11.63,11.75,12.14,-0.39,-3.2125,70907.15,84665.096
301013.SZ,20250102,11.75,11.8,11.13,11.23,11.75,-0.52,-4.4255,63393.5,72547.141
301013.SZ,20250103,11.27,11.37,10.57,10.63,11.23,-0.6,-5.3428,69153.63,75578.557
301013.SZ,20250106,10.52,10.74,10.13,10.61,10.63,-0.02,-0.1881,46294.15,48661.272
301013.SZ,20250107,10.61,10.91,10.54,10.9,10.61,0.29,2.7333,45892.21,49230.674
301013.SZ,20250108,10.89,10.94,10.39,10.8,10.9,-0.1,-0.9174,55306.0,59130.761
301013.SZ,20250109,10.7,11.08,10.7,10.95,10.8,0.15,1.3889,45978.0,50487.968
301013.SZ,20250110,10.92,11.22,10.55,10.55,10.95,-0.4,-3.653,61037.5,66783.098
301013.SZ,20250113,10.41,10.75,10.15,10.63,10.55,0.08,0.7583,47029.0,49249.801
301013.SZ,20250114,10.66,11.36,10.66,11.35,10.63,0.72,6.7733,69286.0,76850.751
301013.SZ,20250115,11.37,11.41,11.07,11.12,11.35,-0.23,-2.0264,51914.5,58094.464
301013.SZ,20250116,11.13,11.77,11.13,11.43,11.12,0.31,2.7878,110430.5,126041.009
301013.SZ,20250117,11.3,11.56,11.23,11.48,11.43,0.05,0.4374,86314.01,98703.862
301013.SZ,20250120,11.54,11.8,11.42,11.77,11.48,0.29,2.5261,80031.71,93375.574
301013.SZ,20250121,11.77,11.97,11.75,11.91,11.77,0.14,1.1895,71564.71,84805.482
301013.SZ,20250122,11.8,11.92,11.61,11.72,11.91,-0.19,-1.5953,56249.36,66311.883
301013.SZ,20250123,11.72,11.96,11.54,11.55,11.72,-0.17,-1.4505,80846.0,95275.104
301013.SZ,20250124,11.54,11.77,11.47,11.73,11.55,0.18,1.5584,62199.0,72306.067
301013.SZ,20250127,12.0,12.07,11.43,11.44,11.73,-0.29,-2.4723,56171.0,65519.762
301013.SZ,20250205,11.65,11.98,11.62,11.93,11.44,0.49,4.2832,70140.0,83106.754
301013.SZ,20250206,11.85,12.29,11.8,12.26,11.93,0.33,2.7661,84629.0,102838.627
301013.SZ,20250207,12.28,12.45,12.12,12.32,12.26,0.06,0.4894,106824.0,131672.712
301013.SZ,20250210,12.29,12.66,12.25,12.53,12.32,0.21,1.7045,95853.0,119311.16
301013.SZ,20250211,12.49,12.52,12.3,12.4,12.53,-0.13,-1.0375,82629.96,102293.665
301013.SZ,20250212,12.43,12.86,12.31,12.47,12.4,0.07,0.5645,117978.5,147401.276
301013.SZ,20250213,12.52,12.56,12.18,12.24,12.47,-0.23,-1.8444,80089.24,98548.595
301013.SZ,20250214,12.18,12.3,12.05,12.2,12.24,-0.04,-0.3268,59261.3,72142.637
301013.SZ,20250217,12.21,12.32,12.07,12.18,12.2,-0.02,-0.1639,76168.18,92941.115
301013.SZ,20250218,12.22,12.3,11.7,11.81,12.18,-0.37,-3.0378,91068.0,109052.01
301013.SZ,20250219,11.75,12.17,11.75,12.1,11.81,0.29,2.4555,69372.8,83498.006
301013.SZ,20250220,12.07,13.58,12.02,13.31,12.1,1.21,10.0,283291.18,365793.06
301013.SZ,20250221,13.23,14.16,12.97,13.7,13.31,0.39,2.9301,334871.28,454038.495
301013.SZ,20250224,13.77,14.67,13.63,14.46,13.7,0.76,5.5474,391224.17,556681.923
301013.SZ,20250225,14.98,17.35,14.48,16.8,14.46,2.34,16.1826,722392.1,1160719.164
301013.SZ,20250226,17.4,20.0,17.4,18.76,16.8,1.96,11.6667,829977.07,1515589.699
301013.SZ,20250227,18.62,20.24,18.12,19.27,18.76,0.51,2.7186,604412.77,1167231.483
301013.SZ,20250228,18.91,19.31,17.59,18.03,19.27,-1.24,-6.4349,438098.62,802697.1
301013.SZ,20250303,18.0,18.07,16.39,17.17,18.03,-0.86,-4.7698,366322.85,632939.245
301013.SZ,20250304,17.5,19.32,17.32,19.05,17.17,1.88,10.9493,436489.4,808401.471
301013.SZ,20250305,20.12,21.8,20.12,21.56,19.05,2.51,13.1759,497338.45,1034704.773
301013.SZ,20250306,21.35,22.12,20.7,21.45,21.56,-0.11,-0.5102,412843.05,887564.151
301013.SZ,20250307,21.64,22.24,20.7,21.11,21.45,-0.34,-1.5851,330849.13,702608.323
301013.SZ,20250310,21.0,21.45,20.31,20.8,21.11,-0.31,-1.4685,204987.61,425908.579
301013.SZ,20250311,20.05,21.12,19.88,20.75,20.8,-0.05,-0.2404,247876.08,511926.487
301013.SZ,20250312,20.7,21.02,17.77,18.1,20.75,-2.65,-12.7711,624211.87,1187220.931
301013.SZ,20250313,18.26,18.39,17.03,17.44,18.1,-0.66,-3.6464,434055.9,759363.978
301013.SZ,20250314,17.3,19.64,16.75,19.37,17.44,1.93,11.0665,517789.39,949039.203
301013.SZ,20250317,20.71,21.27,19.71,20.81,19.37,1.44,7.4342,445821.24,920372.683
301013.SZ,20250318,20.7,21.03,20.18,20.67,20.81,-0.14,-0.6728,285183.5,587695.035
301013.SZ,20250319,20.74,21.11,20.1,20.67,20.67,0.0,0.0,258886.56,536406.281
301013.SZ,20250320,20.58,21.77,19.81,20.61,20.67,-0.06,-0.2903,319497.0,664086.274
301013.SZ,20250321,20.5,21.08,20.02,20.78,20.61,0.17,0.8248,339016.5,696811.318
301013.SZ,20250324,20.1,21.65,18.9,19.66,20.78,-1.12,-5.3898,405957.58,822213.797
301013.SZ,20250325,19.66,19.69,18.37,18.46,19.66,-1.2,-6.1038,262927.59,495591.673
301013.SZ,20250326,18.5,20.2,18.18,19.16,18.46,0.7,3.792,247300.5,477315.095
301013.SZ,20250327,19.5,19.7,18.1,18.2,19.16,-0.96,-5.0104,200481.89,373696.32
301013.SZ,20250328,18.42,20.4,18.22,19.4,18.2,1.2,6.5934,361608.5,699243.973
301013.SZ,20250331,18.2,18.43,15.52,16.43,19.4,-2.97,-15.3093,599416.04,966746.353
301013.SZ,20250401,16.33,16.7,15.92,16.02,16.43,-0.41,-2.4954,313038.26,507368.842
301013.SZ,20250402,15.91,17.35,15.88,16.45,16.02,0.43,2.6841,281464.28,469007.399
301013.SZ,20250403,16.35,16.65,15.88,16.2,16.45,-0.25,-1.5198,194431.0,315551.479
301013.SZ,20250407,14.35,14.96,12.96,12.96,16.2,-3.24,-20.0,254270.0,344766.941
301013.SZ,20250408,13.15,14.19,12.95,13.35,12.96,0.39,3.0093,264362.5,357473.647
301013.SZ,20250409,13.01,14.31,11.43,14.17,13.35,0.82,6.1423,354675.5,464945.041
301013.SZ,20250410,14.72,15.35,14.52,14.56,14.17,0.39,2.7523,280795.5,416848.66
301013.SZ,20250411,14.4,14.95,14.4,14.65,14.56,0.09,0.6181,177292.59,260259.609
301013.SZ,20250414,15.08,15.45,14.89,15.01,14.65,0.36,2.4573,173465.0,262153.188
301013.SZ,20250415,14.94,15.39,14.82,15.09,15.01,0.08,0.533,173295.64,262066.876
301013.SZ,20250416,15.11,15.21,14.44,14.72,15.09,-0.37,-2.452,140727.0,208114.64
301013.SZ,20250417,14.6,15.06,14.4,14.41,14.72,-0.31,-2.106,134567.0,197808.434
301013.SZ,20250418,14.42,14.59,14.16,14.41,14.41,0.0,0.0,107214.0,154022.277
301013.SZ,20250421,14.66,15.08,14.28,15.06,14.41,0.65,4.5108,153907.0,227407.494
301013.SZ,20250422,15.0,15.13,14.72,14.8,15.06,-0.26,-1.7264,118889.5,176918.055
301013.SZ,20250423,15.1,15.76,14.88,15.35,14.8,0.55,3.7162,230861.53,352541.483
301013.SZ,20250424,15.32,15.4,14.58,14.72,15.35,-0.63,-4.1042,172244.5,255922.911
301013.SZ,20250425,14.3,14.54,13.96,14.16,14.72,-0.56,-3.8043,184256.03,261742.239
301013.SZ,20250428,14.2,16.11,14.1,15.5,14.16,1.34,9.4633,379605.5,579056.202
301013.SZ,20250429,16.68,17.12,15.99,16.66,15.5,1.16,7.4839,328716.17,547890.65
301013.SZ,20250430,17.13,18.04,16.32,17.82,16.66,1.16,6.9628,319040.79,554695.231
301013.SZ,20250506,18.55,19.18,18.25,18.88,17.82,1.06,5.9484,316916.0,593086.007
301013.SZ,20250507,18.7,18.86,17.91,18.44,18.88,-0.44,-2.3305,298775.4,549286.403
301013.SZ,20250508,18.14,19.38,18.14,19.09,18.44,0.65,3.5249,325757.67,618794.647
301013.SZ,20250509,19.09,19.18,17.79,18.48,19.09,-0.61,-3.1954,300414.0,551045.25
301013.SZ,20250512,18.9,19.78,18.4,19.78,18.48,1.3,7.0346,340286.96,654958.24
301013.SZ,20250513,19.65,19.88,18.31,18.66,19.78,-1.12,-5.6623,312534.5,588937.396
301013.SZ,20250514,18.96,18.96,18.2,18.52,18.66,-0.14,-0.7503,154455.59,286510.826
301013.SZ,20250515,18.34,18.51,17.63,18.3,18.52,-0.22,-1.1879,181276.0,327015.399
301013.SZ,20250516,18.03,19.63,17.87,19.53,18.3,1.23,6.7213,315300.0,604923.774
301013.SZ,20250519,20.92,21.14,19.91,20.46,19.53,0.93,4.7619,366133.92,748404.163
301013.SZ,20250520,20.46,20.94,19.71,20.3,20.46,-0.16,-0.782,280668.5,571280.338
301013.SZ,20250521,20.08,20.15,19.1,19.88,20.3,-0.42,-2.069,245634.0,481831.655
301013.SZ,20250522,19.69,19.76,18.9,19.05,19.88,-0.83,-4.1751,153588.0,297981.317
301013.SZ,20250523,18.89,19.62,18.55,18.8,19.05,-0.25,-1.3123,154694.5,294035.106
301013.SZ,20250526,18.71,18.9,18.45,18.76,18.8,-0.04,-0.2128,91299.5,170413.92
301013.SZ,20250527,18.77,19.35,18.0,18.63,18.76,-0.13,-0.693,181147.0,338474.245
301013.SZ,20250528,18.76,20.25,18.41,19.8,18.63,1.17,6.2802,305209.35,590269.938
301013.SZ,20250529,19.0,19.39,17.6,18.1,19.8,-1.7,-8.5859,384494.33,702382.572
301013.SZ,20250530,17.66,17.7,16.61,16.68,18.1,-1.42,-7.8453,215591.28,365843.659
301013.SZ,20250603,16.22,17.05,16.22,16.54,16.68,-0.14,-0.8393,144517.63,240677.132
301013.SZ,20250604,16.58,17.16,16.4,17.08,16.54,0.54,3.2648,141361.66,237754.445
301013.SZ,20250605,16.95,17.33,16.71,17.11,17.08,0.03,0.1756,137407.78,233636.773
301013.SZ,20250606,17.05,18.18,17.05,17.71,17.11,0.6,3.5067,209243.9,370668.084
301013.SZ,20250609,17.7,18.27,17.53,17.81,17.71,0.1,0.5647,130235.0,232897.115
301013.SZ,20250610,17.74,18.06,17.32,17.8,17.81,-0.01,-0.0561,125042.62,221677.931
301013.SZ,20250611,17.82,18.05,17.66,17.79,17.8,-0.01,-0.0562,105701.12,188606.858
301013.SZ,20250612,17.6,17.88,17.3,17.41,17.79,-0.38,-2.136,112814.04,197951.008
301013.SZ,20250613,17.02,17.33,16.38,16.48,17.36,-0.88,-5.0691,132509.0,221564.454
301013.SZ,20250616,16.36,16.93,16.16,16.8,16.48,0.32,1.9417,88124.0,146175.428
301013.SZ,20250617,16.64,16.9,16.5,16.73,16.8,-0.07,-0.4167,65058.9,108557.059
301013.SZ,20250618,16.63,16.85,16.38,16.7,16.73,-0.03,-0.1793,57827.9,96170.119
301013.SZ,20250619,16.7,17.13,16.12,16.13,16.7,-0.57,-3.4132,97398.0,161452.335
301013.SZ,20250620,16.17,16.33,15.72,15.83,16.13,-0.3,-1.8599,77974.0,124238.643
301013.SZ,20250623,15.98,16.34,15.81,16.17,15.83,0.34,2.1478,56323.5,90941.292
301013.SZ,20250624,16.14,17.05,16.14,16.99,16.17,0.82,5.0711,106628.5,178283.178
301013.SZ,20250625,16.99,17.37,16.87,17.08,16.99,0.09,0.5297,97409.0,166306.412
301013.SZ,20250626,17.0,17.14,16.54,16.59,17.08,-0.49,-2.8689,95510.0,161035.602
301013.SZ,20250627,16.6,16.75,16.43,16.57,16.59,-0.02,-0.1206,61621.5,102132.089
301013.SZ,20250630,16.55,17.24,16.55,16.95,16.57,0.38,2.2933,96013.5,162742.529
301013.SZ,20250701,16.95,17.42,16.91,17.08,16.95,0.13,0.767,94893.5,162523.43
301013.SZ,20250702,17.02,17.32,16.57,16.77,17.08,-0.31,-1.815,67169.0,112449.573
301013.SZ,20250703,16.77,17.18,16.56,17.0,16.77,0.23,1.3715,116053.0,196494.194
301013.SZ,20250704,16.9,16.95,16.5,16.66,17.0,-0.34,-2.0,87091.5,145589.486
301013.SZ,20250707,16.74,16.78,16.43,16.66,16.66,0.0,0.0,52935.0,88050.889
301013.SZ,20250708,16.61,16.94,16.59,16.74,16.66,0.08,0.4802,60390.0,101171.202
301013.SZ,20250709,16.72,17.0,16.37,16.41,16.74,-0.33,-1.9713,86559.5,143908.828
301013.SZ,20250710,16.5,17.83,16.06,17.52,16.41,1.11,6.7642,271264.61,463439.369
301013.SZ,20250711,17.64,17.69,17.3,17.47,17.52,-0.05,-0.2854,156470.44,273557.799
301013.SZ,20250714,17.44,17.55,17.05,17.41,17.47,-0.06,-0.3434,88645.0,153318.817
301013.SZ,20250715,17.31,17.42,16.9,17.39,17.41,-0.02,-0.1149,96899.0,166886.692
301013.SZ,20250716,17.37,18.14,17.15,17.75,17.39,0.36,2.0702,167668.59,297552.797
301013.SZ,20250717,17.66,18.15,17.56,17.87,17.75,0.12,0.6761,117664.06,210349.79
301013.SZ,20250718,17.87,17.89,17.44,17.56,17.87,-0.31,-1.7348,72950.0,128362.345
301013.SZ,20250721,17.56,17.72,17.3,17.56,17.56,0.0,0.0,77977.56,136384.607
301013.SZ,20250722,17.41,17.66,17.3,17.31,17.56,-0.25,-1.4237,65678.45,114380.922
301013.SZ,20250723,17.32,17.39,17.12,17.17,17.31,-0.14,-0.8088,49172.31,84744.451
301013.SZ,20250724,17.24,17.99,17.14,17.74,17.17,0.57,3.3197,127999.93,225530.007
301013.SZ,20250725,17.65,17.98,17.55,17.9,17.74,0.16,0.9019,96184.0,171363.158
301013.SZ,20250728,18.0,18.25,17.67,18.04,17.9,0.14,0.7821,138221.0,248592.33
301013.SZ,20250729,17.89,17.98,17.45,17.63,18.04,-0.41,-2.2727,94977.9,167638.631
301013.SZ,20250730,17.5,17.58,17.14,17.36,17.63,-0.27,-1.5315,82956.6,143629.72
301013.SZ,20250731,17.38,17.95,17.33,17.55,17.36,0.19,1.0945,125549.33,221470.426
301013.SZ,20250801,17.41,17.92,17.26,17.39,17.55,-0.16,-0.9117,95619.66,167796.389
301013.SZ,20250804,17.23,18.05,17.13,17.99,17.39,0.6,3.4503,146248.48,260518.943
301013.SZ,20250805,18.07,18.33,17.96,18.28,17.99,0.29,1.612,121784.7,221123.614
301013.SZ,20250806,18.3,18.78,18.16,18.49,18.28,0.21,1.1488,126771.37,234896.199
301013.SZ,20250807,18.44,18.58,18.01,18.06,18.49,-0.43,-2.3256,101315.5,184810.091
301013.SZ,20250808,17.71,17.86,17.15,17.58,18.06,-0.48,-2.6578,141011.0,248051.789
301013.SZ,20250811,17.58,18.4,17.41,17.99,17.58,0.41,2.3322,138141.28,246812.453
301013.SZ,20250812,17.9,18.14,17.67,18.0,17.99,0.01,0.0556,99726.0,178182.28
301013.SZ,20250813,18.0,18.6,17.83,18.6,18.0,0.6,3.3333,163641.0,299344.079
301013.SZ,20250814,18.59,18.61,17.8,18.0,18.6,-0.6,-3.2258,169488.5,306025.078
301013.SZ,20250815,17.91,18.72,17.91,18.48,18.0,0.48,2.6667,175533.07,323979.053
301013.SZ,20250818,18.71,19.5,18.4,19.09,18.48,0.61,3.3009,227952.91,433693.05
301013.SZ,20250819,18.91,20.28,18.63,20.0,19.09,0.91,4.7669,313668.0,612380.159
301013.SZ,20250820,19.8,20.4,19.64,20.01,20.0,0.01,0.05,199123.9,398380.489
301013.SZ,20250821,19.89,20.26,19.42,19.73,20.01,-0.28,-1.3993,179205.41,354454.444
301013.SZ,20250822,19.91,20.15,19.37,19.67,19.73,-0.06,-0.3041,159413.51,313079.517
301013.SZ,20250825,19.68,19.91,19.28,19.49,19.67,-0.18,-0.9151,150679.5,294374.428
301013.SZ,20250826,19.49,19.65,19.25,19.32,19.49,-0.17,-0.8722,124559.9,242017.198
301013.SZ,20250827,19.26,19.38,18.5,18.5,19.32,-0.82,-4.2443,160487.5,305374.926
301013.SZ,20250828,18.53,18.8,17.92,18.58,18.5,0.08,0.4324,126114.94,231669.611
301013.SZ,20250829,18.57,19.14,18.35,18.7,18.58,0.12,0.6459,113140.09,211546.27
301013.SZ,20250901,18.95,19.57,18.85,19.31,18.7,0.61,3.262,183215.6,351987.247
301013.SZ,20250902,19.33,19.4,17.9,18.45,19.31,-0.86,-4.4537,155307.5,286197.63
301013.SZ,20250903,18.49,19.47,17.89,19.06,18.45,0.61,3.3062,227272.53,430389.255
301013.SZ,20250904,18.67,19.32,17.81,18.1,19.06,-0.96,-5.0367,162152.0,301363.51
301013.SZ,20250905,18.21,19.99,18.03,19.7,18.1,1.6,8.8398,326718.37,632520.023
301013.SZ,20250908,19.99,20.56,19.56,20.37,19.7,0.67,3.401,308161.52,623535.276
301013.SZ,20250909,20.35,20.78,19.6,19.86,20.37,-0.51,-2.5037,227865.02,457219.577
301013.SZ,20250910,19.9,20.5,19.22,19.23,19.86,-0.63,-3.1722,153357.66,302245.662
301013.SZ,20250911,19.1,19.69,18.68,19.49,19.23,0.26,1.3521,153071.5,295058.273
301013.SZ,20250912,19.4,21.0,19.02,20.3,19.49,0.81,4.156,251814.58,512244.855
301013.SZ,20250915,20.06,20.38,19.43,19.75,20.3,-0.55,-2.7094,188251.8,372080.314
301013.SZ,20250916,19.63,20.3,19.39,20.3,19.75,0.55,2.7848,163510.69,325812.185
301013.SZ,20250917,20.71,24.36,20.68,24.36,20.3,4.06,20.0,338695.84,790051.757
301013.SZ,20250918,26.79,29.23,26.79,29.23,24.36,4.87,19.9918,908312.65,2579469.242
301013.SZ,20250919,29.3,29.79,26.12,26.61,29.23,-2.62,-8.9634,829834.68,2269480.566
301013.SZ,20250922,27.77,31.2,27.02,30.5,26.61,3.89,14.6186,855765.96,2507261.61
301013.SZ,20250923,30.02,30.88,27.89,29.62,30.5,-0.88,-2.8852,707795.16,2059783.109
301013.SZ,20250924,28.4,29.48,26.86,28.28,29.62,-1.34,-4.524,600917.85,1677128.327
301013.SZ,20250925,27.71,28.78,26.6,26.7,28.28,-1.58,-5.587,441987.29,1209245.256
301013.SZ,20250926,26.42,30.69,25.82,29.13,26.7,2.43,9.1011,671360.92,1890987.415
301013.SZ,20250929,29.5,32.03,28.88,30.75,29.13,1.62,5.5613,635442.02,1939975.092
301013.SZ,20250930,30.7,33.08,28.97,29.1,30.75,-1.65,-5.3659,733153.57,2242370.44
301013.SZ,20251009,29.87,30.8,28.2,28.28,29.1,-0.82,-2.8179,533206.95,1566557.671
301013.SZ,20251010,27.64,32.69,27.59,31.58,28.28,3.3,11.669,724450.06,2154500.137
301013.SZ,20251013,32.04,37.9,32.04,37.9,31.58,6.32,20.0127,847973.51,3061167.826
301013.SZ,20251014,37.9,44.28,34.96,39.9,37.9,2.0,5.277,1029304.12,3927157.662
301013.SZ,20251015,37.65,38.0,34.6,35.42,39.9,-4.48,-11.2281,662807.27,2377821.416
301013.SZ,20251016,34.91,35.38,32.76,33.15,35.42,-2.27,-6.4088,519789.89,1757090.057
301013.SZ,20251017,33.28,33.4,30.5,30.7,33.15,-2.45,-7.3906,429115.5,1361066.495
301013.SZ,20251020,31.31,31.36,29.72,30.47,30.7,-0.23,-0.7492,347342.92,1058081.156
301013.SZ,20251021,30.81,30.89,29.68,30.31,30.47,-0.16,-0.5251,338743.56,1024338.435
301013.SZ,20251022,29.9,30.25,29.0,29.22,30.31,-1.09,-3.5962,349902.61,1031148.316
301013.SZ,20251023,29.61,29.83,28.29,28.73,29.22,-0.49,-1.6769,276077.38,797739.496
301013.SZ,20251024,28.85,29.78,28.4,29.46,28.73,0.73,2.5409,317889.88,931997.915
301013.SZ,20251027,29.62,30.71,28.76,28.93,29.46,-0.53,-1.799,323411.19,951427.141
301013.SZ,20251028,28.9,29.92,28.5,29.03,28.93,0.1,0.3457,282187.12,826304.863
301013.SZ,20251029,28.7,30.8,27.99,30.23,29.03,1.2,4.1337,520866.34,1533833.128
301013.SZ,20251030,29.77,29.83,28.32,28.4,30.23,-1.83,-6.0536,340268.84,984501.975
301013.SZ,20251031,28.29,28.95,27.8,27.96,28.4,-0.44,-1.5493,219583.39,621632.881
301013.SZ,20251103,27.73,27.93,27.1,27.76,27.96,-0.2,-0.7153,201558.49,552313.091
301013.SZ,20251104,27.84,27.96,27.12,27.38,27.76,-0.38,-1.3689,136843.48,375256.591
301013.SZ,20251105,26.95,27.38,26.58,27.16,27.38,-0.22,-0.8035,113797.57,308228.881
301013.SZ,20251106,27.32,27.85,26.98,27.71,27.16,0.55,2.025,159385.61,438200.37
301013.SZ,20251107,27.47,27.73,27.1,27.15,27.71,-0.56,-2.0209,125913.74,343742.504
301013.SZ,20251110,27.06,27.7,27.0,27.63,27.15,0.48,1.768,126489.94,345984.887
301013.SZ,20251111,27.63,28.31,27.5,27.79,27.63,0.16,0.5791,205615.73,575439.735
301013.SZ,20251112,27.98,28.63,26.8,28.55,27.79,0.76,2.7348,254150.84,709569.028
301013.SZ,20251113,28.36,28.38,27.63,27.88,28.55,-0.67,-2.3468,188229.19,527072.319
301013.SZ,20251114,27.7,30.6,26.99,29.58,27.88,1.7,6.0976,457169.71,1333138.55
301013.SZ,20251117,28.9,31.6,28.9,31.05,29.58,1.47,4.9696,429964.36,1327158.054
301013.SZ,20251118,30.9,33.35,30.1,32.74,31.05,1.69,5.4428,490998.06,1577332.946
301013.SZ,20251119,32.0,32.42,30.37,30.63,32.74,-2.11,-6.4447,358597.85,1121281.06
301013.SZ,20251120,30.5,33.08,29.03,32.03,30.63,1.4,4.5707,419262.85,1290961.048
301013.SZ,20251121,31.12,33.93,30.89,31.68,32.03,-0.35,-1.0927,489625.18,1596993.547
301013.SZ,20251124,31.29,32.88,30.4,32.02,31.68,0.34,1.0732,340652.02,1080905.287
301013.SZ,20251125,32.48,35.35,31.72,34.21,32.02,2.19,6.8395,529452.94,1785802.05
301013.SZ,20251126,33.45,33.8,32.6,32.8,34.21,-1.41,-4.1216,377385.05,1244593.243
301013.SZ,20251127,32.0,32.3,30.18,30.21,32.8,-2.59,-7.8963,382796.2,1190782.142
301013.SZ,20251128,29.7,31.03,29.4,29.73,30.21,-0.48,-1.5889,228647.6,689428.884
301013.SZ,20251201,29.44,30.98,29.18,30.41,29.73,0.68,2.2873,221352.84,665366.78
301013.SZ,20251202,30.02,30.83,29.49,29.66,30.41,-0.75,-2.4663,161296.83,483766.531
301013.SZ,20251203,29.34,29.61,28.4,28.65,29.66,-1.01,-3.4053,171809.42,495222.424
301013.SZ,20251204,28.98,30.86,28.72,30.46,28.65,1.81,6.3176,261812.93,781367.472
301013.SZ,20251205,30.0,30.0,28.88,29.12,30.46,-1.34,-4.3992,212912.63,621839.105
301013.SZ,20251208,29.0,29.35,28.2,29.12,29.12,0.0,0.0,190666.24,549671.858
301013.SZ,20251209,28.83,28.99,27.67,27.68,29.12,-1.44,-4.9451,213855.94,605000.365
301013.SZ,20251210,27.5,27.96,27.08,27.62,27.68,-0.06,-0.2168,125934.05,347200.972
301013.SZ,20251211,27.73,28.99,27.31,28.4,27.62,0.78,2.824,201810.0,570888.087
301013.SZ,20251212,28.85,29.2,28.21,28.4,28.4,0.0,0.0,142576.23,407327.632
301013.SZ,20251215,28.38,29.15,27.7,28.3,28.4,-0.1,-0.3521,128248.11,365909.946
301013.SZ,20251216,27.8,28.0,27.03,27.39,28.3,-0.91,-3.2155,120748.8,331922.526
301013.SZ,20251217,27.29,27.31,25.71,26.78,27.39,-0.61,-2.2271,163022.57,431319.323
301013.SZ,20251218,28.46,28.65,27.15,27.15,26.78,0.37,1.3816,195920.27,549174.635
301013.SZ,20251219,26.87,27.23,26.57,26.83,27.15,-0.32,-1.1786,125376.04,337061.096
301013.SZ,20251222,26.9,27.8,26.8,27.33,26.83,0.5,1.8636,123042.29,337150.931
301013.SZ,20251223,26.93,28.09,26.93,27.82,27.33,0.49,1.7929,144401.74,400583.866
301013.SZ,20251224,27.69,28.2,27.5,28.07,27.82,0.25,0.8986,112480.44,314473.279
301013.SZ,20251225,27.91,28.23,27.59,27.94,28.07,-0.13,-0.4631,135169.56,377462.551
301013.SZ,20251226,27.94,27.94,27.06,27.25,27.94,-0.69,-2.4696,138657.66,379723.728
301013.SZ,20251229,27.66,27.88,26.96,27.27,27.25,0.02,0.0734,108775.89,297497.27
301013.SZ,20251230,26.95,27.98,26.95,27.62,27.27,0.35,1.2835,129296.52,357823.849
301013.SZ,20251231,27.62,28.9,27.62,28.01,27.62,0.39,1.412,240669.24,681667.125
301013.SZ,20260105,27.95,28.76,27.6,28.73,28.01,0.72,2.5705,188464.64,536086.388
301013.SZ,20260106,28.42,30.08,28.25,29.81,28.73,1.08,3.7591,305219.4,887975.627
301013.SZ,20260107,29.6,32.32,29.56,30.87,29.81,1.06,3.5559,424971.67,1319687.107
301013.SZ,20260108,30.68,31.01,29.98,30.1,30.87,-0.77,-2.4943,236742.12,718790.199
301013.SZ,20260109,30.0,30.38,29.57,29.88,30.1,-0.22,-0.7309,214951.33,641797.302
301013.SZ,20260112,30.08,30.32,29.65,30.0,29.88,0.12,0.4016,218105.23,653940.731
301013.SZ,20260113,30.0,30.1,28.55,28.62,30.0,-1.38,-4.6,246870.19,720568.363
301013.SZ,20260114,28.74,29.66,28.0,28.42,28.62,-0.2,-0.6988,271949.69,777850.815
301013.SZ,20260115,28.18,28.46,27.65,28.27,28.42,-0.15,-0.5278,156954.27,440224.885
301013.SZ,20260116,28.5,29.43,28.25,29.19,28.27,0.92,3.2543,227344.78,656112.583
301013.SZ,20260119,29.19,29.29,28.38,28.58,29.19,-0.61,-2.0898,154295.15,442646.309
301013.SZ,20260120,28.4,28.4,27.29,27.49,28.58,-1.09,-3.8139,162395.93,450321.112
301013.SZ,20260121,27.08,28.09,26.75,27.69,27.49,0.2,0.7275,122409.91,336473.076
301013.SZ,20260122,27.63,28.27,26.99,27.1,27.69,-0.59,-2.1307,135354.89,368826.749
301013.SZ,20260123,27.05,27.4,26.88,27.37,27.1,0.27,0.9963,103575.3,282117.158
301013.SZ,20260126,27.0,27.29,24.5,24.79,27.37,-2.58,-9.4264,261255.96,666415.053
301013.SZ,20260127,24.55,25.98,24.41,25.77,24.79,0.98,3.9532,141231.41,356607.246
301013.SZ,20260128,25.56,25.83,24.94,25.28,25.77,-0.49,-1.9014,87610.67,221313.503
301013.SZ,20260129,25.12,25.57,24.37,24.39,25.28,-0.89,-3.5206,90278.81,224306.097
301013.SZ,20260130,24.34,24.46,23.79,24.08,24.39,-0.31,-1.271,80120.74,192768.292
301013.SZ,20260202,23.87,24.29,23.72,23.76,24.08,-0.32,-1.3289,60056.71,144251.639
301013.SZ,20260203,24.21,24.27,23.87,24.24,23.76,0.48,2.0202,62826.41,151571.434
301013.SZ,20260204,24.07,24.43,23.95,24.34,24.24,0.1,0.4125,60098.96,145482.699
301013.SZ,20260205,24.21,24.26,23.77,23.82,24.34,-0.52,-2.1364,46757.52,112053.594
301013.SZ,20260206,23.7,24.35,23.6,24.02,23.82,0.2,0.8396,55240.24,133128.06
301013.SZ,20260209,24.48,24.92,24.2,24.76,24.02,0.74,3.0808,69246.03,170720.561
301013.SZ,20260210,24.71,25.15,24.7,24.73,24.76,-0.03,-0.1212,54351.38,135214.221
301013.SZ,20260211,24.78,24.9,24.41,24.43,24.73,-0.3,-1.2131,41412.86,101993.526
301013.SZ,20260212,24.18,24.63,23.91,24.21,24.43,-0.22,-0.9005,62619.82,152256.348
301013.SZ,20260213,24.13,26.6,24.09,25.44,24.21,1.23,5.0805,169942.47,431534.836
301013.SZ,20260224,26.15,26.56,25.6,26.36,25.44,0.92,3.6164,173797.77,455718.707
301013.SZ,20260225,26.31,26.49,25.68,26.22,26.36,-0.14,-0.5311,129842.77,338467.537
301013.SZ,20260226,26.42,27.18,26.21,26.61,26.22,0.39,1.4874,154120.53,412187.365
301013.SZ,20260227,27.16,27.16,26.12,26.53,26.61,-0.08,-0.3006,109939.57,292295.908
301013.SZ,20260302,25.71,26.5,25.56,25.7,26.53,-0.83,-3.1285,111779.96,289840.436
301013.SZ,20260303,25.7,25.91,23.98,24.09,25.7,-1.61,-6.2646,107545.13,267202.716
301013.SZ,20260304,24.17,24.89,23.74,24.2,24.09,0.11,0.4566,71437.65,173584.527
301013.SZ,20260305,24.65,24.86,24.03,24.26,24.2,0.06,0.2479,56463.28,138045.869
301013.SZ,20260306,24.01,25.83,23.91,25.22,24.26,0.96,3.9571,131996.96,330140.603
301013.SZ,20260309,24.5,24.5,23.52,24.4,25.22,-0.82,-3.2514,119745.96,287131.898
301013.SZ,20260310,24.84,25.26,24.68,25.21,24.4,0.81,3.3197,80366.21,201496.226
301013.SZ,20260311,25.28,25.54,24.7,24.83,25.21,-0.38,-1.5073,66742.52,167184.323
301013.SZ,20260312,24.72,24.72,23.93,23.94,24.83,-0.89,-3.5844,73543.07,177876.683
301013.SZ,20260313,23.75,24.06,23.31,23.38,23.94,-0.56,-2.3392,62955.42,149057.428
301013.SZ,20260316,23.3,25.1,23.09,24.26,23.38,0.88,3.7639,102757.79,247836.772
301013.SZ,20260317,24.51,24.6,23.42,23.5,24.26,-0.76,-3.1327,84389.95,202197.792
301013.SZ,20260318,23.5,24.0,23.38,24.0,23.5,0.5,2.1277,62047.14,147370.811
301013.SZ,20260319,23.55,23.68,22.82,22.94,24.0,-1.06,-4.4167,83996.09,194780.361
301013.SZ,20260320,23.02,23.3,22.21,22.21,22.94,-0.73,-3.1822,65779.06,149467.077
301013.SZ,20260323,21.58,21.98,20.35,20.6,22.21,-1.61,-7.249,114667.79,242896.238
301013.SZ,20260324,21.02,21.62,20.66,21.59,20.6,0.99,4.8058,97001.43,205268.769
301013.SZ,20260325,21.79,22.21,21.6,21.78,21.59,0.19,0.88,70021.4,153458.463
301013.SZ,20260326,21.69,21.88,20.96,21.06,21.78,-0.72,-3.3058,49052.43,104770.366
301013.SZ,20260327,20.69,21.59,20.62,21.47,21.06,0.41,1.9468,48498.46,103159.965
301013.SZ,20260330,21.18,21.98,20.98,21.88,21.47,0.41,1.9096,60610.06,131300.15
301013.SZ,20260331,21.88,22.12,21.44,21.44,21.88,-0.44,-2.011,47996.56,104362.283
301013.SZ,20260401,21.99,22.33,21.51,21.96,21.44,0.52,2.4254,75923.81,166180.135
301013.SZ,20260402,21.7,21.95,21.0,21.19,21.96,-0.77,-3.5064,58468.45,125090.517
301013.SZ,20260403,21.23,21.4,20.8,20.93,21.19,-0.26,-1.227,43092.77,90460.136
301013.SZ,20260407,21.15,21.5,21.12,21.31,20.93,0.38,1.8156,40757.53,86888.05
301013.SZ,20260408,21.93,22.9,21.83,22.76,21.31,1.45,6.8043,92947.44,210159.728
301013.SZ,20260409,22.44,22.9,22.44,22.62,22.76,-0.14,-0.6151,56962.38,129307.008
301013.SZ,20260410,22.74,22.95,22.49,22.5,22.62,-0.12,-0.5305,54719.45,124310.319
301013.SZ,20260413,22.34,24.2,22.25,23.42,22.5,0.92,4.0889,139183.0,324969.925
301013.SZ,20260414,24.45,25.63,23.55,24.4,23.42,0.98,4.1845,234860.88,577376.45
301013.SZ,20260415,24.11,25.78,23.67,24.79,24.4,0.39,1.5984,262343.85,648207.614
301013.SZ,20260416,24.34,24.96,23.98,24.79,24.79,0.0,0.0,142286.91,348969.949
301013.SZ,20260417,24.6,26.05,24.53,25.28,24.79,0.49,1.9766,207638.98,524929.489
301013.SZ,20260420,25.56,25.9,24.91,25.13,25.28,-0.15,-0.5934,170206.96,430748.345
301013.SZ,20260421,24.5,24.98,24.46,24.61,25.13,-0.52,-2.0692,124666.59,307752.049
301013.SZ,20260422,24.3,25.3,24.3,25.17,24.61,0.56,2.2755,119146.24,294744.717
301013.SZ,20260423,25.5,25.67,24.26,24.4,25.17,-0.77,-3.0592,105293.68,259231.368
301013.SZ,20260424,24.1,25.19,24.08,24.63,24.4,0.23,0.9426,109022.83,269631.678
301013.SZ,20260427,25.01,25.86,24.66,25.73,24.63,1.1,4.4661,176786.8,451994.209
301013.SZ,20260428,25.48,25.75,24.93,25.12,25.73,-0.61,-2.3708,103049.96,260295.422
301013.SZ,20260429,24.8,25.2,24.67,24.9,25.12,-0.22,-0.8758,82136.29,205558.571
301013.SZ,20260430,24.92,25.4,24.92,25.25,24.9,0.35,1.4056,82001.3,206590.787
